\addplot[color_!30, name path = lower] coordinates{
(0, 1.0)
(1, 0.5661914843342958)
(2, 0.5123816966335639)
(3, 0.4955680433210241)
(4, 0.4859586597390642)
(5, 0.491814252624008)
(6, 0.4739592420315927)
(7, 0.46096446323573803)
(8, 0.45576929533910693)
(9, 0.4532093186130038)
(10, 0.5018068389835236)
(11, 0.4456335884503927)
(12, 0.43383710930751035)
(13, 0.4296474926040462)
(14, 0.4337644220871747)
(15, 0.44730657153352044)
(16, 0.4396768989935912)
(17, 0.4199352786115854)
(18, 0.41419693063822477)
(19, 0.4095879511163847)
(20, 0.45691446075219755)
(21, 0.41593161529293976)
(22, 0.40414046193679365)
(23, 0.40529910848356554)
(24, 0.40906553624206476)
(25, 0.40933097824381215)
(26, 0.40695999163180613)
(27, 0.38854304777298215)
(28, 0.38596936045806396)
(29, 0.38697933090596126)
(30, 0.43844454438338765)
(31, 0.40449260539300685)
(32, 0.3843859585379389)
(33, 0.37895703851650475)
(34, 0.3782903015215079)
(35, 0.3801652909402186)
(36, 0.3900979545774573)
(37, 0.36845889741149085)
(38, 0.3685444083770909)
(39, 0.3718103865870785)
(40, 0.4067784957150025)
(41, 0.38034657275534933)
(42, 0.3581606691217358)
(43, 0.3555219861907469)
(44, 0.3596089549843652)
(45, 0.3608444976456169)
(46, 0.3785274323761785)
(47, 0.3562681762773313)
(48, 0.3514883784184816)
(49, 0.34528730993937995)
(50, 0.37714019228004014)
(51, 0.3591664900117712)
(52, 0.33900816029762737)
(53, 0.3384230150053591)
(54, 0.3453720775234923)
(55, 0.34585384154577875)
(56, 0.36174668839995594)
(57, 0.34155067598189476)
(58, 0.3369655967527484)
(59, 0.3399836361798581)
(60, 0.3889387344466085)
(61, 0.3551186209926392)
(62, 0.339500947355776)
(63, 0.33125989282228346)
(64, 0.3271971484125835)
(65, 0.3200496300022029)
(66, 0.3322538680098512)
(67, 0.3171422713762603)
(68, 0.30694099737477365)
(69, 0.30756830875772967)
(70, 0.33998518130980354)
(71, 0.32106756798106734)
(72, 0.31405518118490167)
(73, 0.30218417428336247)
(74, 0.30405060045397125)
(75, 0.3031513419387429)
(76, 0.3125677337656491)
(77, 0.30741276015751773)
(78, 0.296840981185283)
(79, 0.2944298056158567)
(80, 0.3240617134608165)
(81, 0.29690228833219695)
(82, 0.2967500691979235)
(83, 0.2839696787120059)
(84, 0.28616984131413353)
(85, 0.28545903260636446)
(86, 0.2940673456283178)
(87, 0.2968862824463292)
(88, 0.2784208877300819)
(89, 0.27775647719986735)
(90, 0.3163689265790349)
(91, 0.28065791962452247)
(92, 0.2894262886796344)
(93, 0.2754746192429255)
(94, 0.2784969179035206)
(95, 0.2751055442099041)
(96, 0.2758231700746569)
(97, 0.2816575270936427)
(98, 0.2626949689956327)
(99, 0.2627625894783316)
(100, 0.2923182000211089)
(101, 0.2629301123142912)
(102, 0.2802833524305287)
(103, 0.26048457530213337)
(104, 0.26029588077797117)
(105, 0.25849265480673267)
(106, 0.2568999689878971)
(107, 0.2653759084603325)
(108, 0.2499955470523172)
(109, 0.2483268957526848)
(110, 0.27740370487704197)
(111, 0.2447769043952639)
(112, 0.25723030848993444)
(113, 0.24460541300892286)
(114, 0.24523680539569373)
(115, 0.24184115201072487)
(116, 0.2441758327749522)
(117, 0.26035403965342296)
(118, 0.25278120694118555)
(119, 0.24988913698272552)
(120, 0.2934532093148486)
(121, 0.243215483513249)
(122, 0.2499957317369213)
(123, 0.24285438837475776)
(124, 0.2353683961601469)
(125, 0.23278477349450785)
(126, 0.2299154380989995)
(127, 0.23192497255669164)
(128, 0.2264464207107691)
(129, 0.21622644495321694)
(130, 0.24529085399515793)
(131, 0.21216611957110007)
(132, 0.22200438510014756)
(133, 0.2264991455301811)
(134, 0.21894351028036346)
(135, 0.21766571530252488)
(136, 0.21194880760014648)
(137, 0.21157308495258326)
(138, 0.21710227902193757)
(139, 0.20329940153592152)
(140, 0.23509150241648505)
(141, 0.20465002315502762)
(142, 0.20550608138179738)
(143, 0.21387239316330092)
(144, 0.20126659946305625)
(145, 0.19890884274200757)
(146, 0.19682022134523236)
(147, 0.19643533775425087)
(148, 0.21145663470868184)
(149, 0.19865248226583804)
(150, 0.23648927318710228)
(151, 0.19323300400030613)
(152, 0.18602048932615267)
(153, 0.20052438435972536)
(154, 0.18796430299699174)
(155, 0.1866934639354571)
(156, 0.18748188624118195)
(157, 0.18187077397941004)
(158, 0.19403058647155388)
(159, 0.1796147148198881)
(160, 0.20652581666105896)
(161, 0.17438943044888966)
(162, 0.1702068648705557)
(163, 0.18499885705002186)
(164, 0.18229329431575592)
(165, 0.18270526860760677)
(166, 0.17600345157522795)
(167, 0.16612366824094685)
(168, 0.1766544663766355)
(169, 0.17022316016113764)
(170, 0.19212713247828495)
(171, 0.16446908447328568)
(172, 0.16076924104022083)
(173, 0.17117071560146951)
(174, 0.17080155623168852)
(175, 0.16100896711321472)
(176, 0.1608905526908461)
(177, 0.15774828653292586)
(178, 0.1690156978804797)
(179, 0.17923140351285866)
(180, 0.21062826479226315)
(181, 0.17043151225717393)
(182, 0.15711303050419706)
(183, 0.1585447746771915)
(184, 0.16162230948891845)
(185, 0.1504716031252239)
(186, 0.15106573245823463)
(187, 0.14598149716560288)
(188, 0.14883681998604614)
(189, 0.15556333511850012)
(190, 0.16833824601145564)
(191, 0.13995659789699144)
(192, 0.13651992291019627)
(193, 0.13707025939106582)
(194, 0.1495275413072954)
(195, 0.14400028396115463)
(196, 0.14227050912610348)
(197, 0.1328877169720602)
(198, 0.1307254108817971)
(199, 0.13929309092498618)
(200, 0.154818787114483)
(201, 0.12767349021450886)
(202, 0.12271817954013287)
(203, 0.12458412142541297)
(204, 0.13648147200425226)
(205, 0.12550135173832583)
(206, 0.12224534543634945)
(207, 0.116828360010687)
(208, 0.11886799428778683)
(209, 0.13369066149845543)
(210, 0.15286787653872858)
(211, 0.12798970731931333)
(212, 0.11874857304484276)
(213, 0.11191291645672279)
(214, 0.11759661552875174)
(215, 0.11268814418211645)
(216, 0.11223805950711713)
(217, 0.10581637049562297)
(218, 0.10792088415560491)
(219, 0.11828050728923858)
(220, 0.1332067651368492)
(221, 0.10672726634800825)
(222, 0.09854691418538473)
(223, 0.09517764090885253)
(224, 0.10463836178922216)
(225, 0.10439202897107507)
(226, 0.10202297239584414)
(227, 0.09539449725480525)
(228, 0.09437671055385767)
(229, 0.09724689955518931)
(230, 0.11258495292207664)
(231, 0.09041408539969652)
(232, 0.08268414329222501)
(233, 0.08150944017172697)
(234, 0.0920533630486091)
(235, 0.09344400426720662)
(236, 0.08982424166888134)
(237, 0.08323684603343819)
(238, 0.08576586269249137)
(239, 0.09885165992808562)
(240, 0.12443552433219728)
(241, 0.09596755678272018)
(242, 0.08517565825241007)
(243, 0.07987898654989864)
(244, 0.07871589894144482)
(245, 0.07493465356998733)
(246, 0.07375941190771117)
(247, 0.06305262960007169)
(248, 0.0645271708931688)
(249, 0.0717711874499654)
(250, 0.08614839680605925)
(251, 0.06927851197777607)
(252, 0.06166763855182297)
(253, 0.05454991675587434)
(254, 0.06036622372334906)
(255, 0.06203376266803794)
(256, 0.058081367696914715)
(257, 0.051803216047997966)
(258, 0.055771125677174224)
(259, 0.05891736508768773)
(260, 0.07447869734699725)
(261, 0.052858460719778594)
(262, 0.044768016317332154)
(263, 0.04007785898527383)
(264, 0.045598789838531564)
(265, 0.04675308304804589)
(266, 0.04973724661242859)
(267, 0.04441267906025388)
(268, 0.04336226762477502)
(269, 0.04911556702329535)
(270, 0.06904684303692425)
(271, 0.04857519334360036)
(272, 0.03679016045042548)
(273, 0.03198359828354608)
(274, 0.03603090331843242)
(275, 0.03576499670282747)
(276, 0.035635106381067067)
(277, 0.0255900437113821)
(278, 0.02303274412792125)
(279, 0.02947641710548607)
(280, 0.0531099821623444)
(281, 0.03210640907295992)
(282, 0.026753091083935088)
(283, 0.020707442080809324)
(284, 0.02200249150418307)
(285, 0.02150822865949674)
(286, 0.0219292700298465)
(287, 0.010745668129302707)
(288, 0.012379449867440745)
(289, 0.01664744277159433)
(290, 0.03942140694524242)
(291, 0.019014851524823365)
(292, 0.00523046825638257)
(293, 0.0003365897582749272)
(294, 0.004150231487928563)
(295, 0.0007008988877160588)
(296, 0.00799482896557259)
(297, 0.005726868839841498)
(298, 0.011463816934813409)
(299, 0.017312996571490824)
(300, 0.04633671534748929)
(301, 0.016906655143248017)
(302, -0.0016301066350095372)
(303, -0.008447920161539113)
(304, -0.006917405661345924)
(305, -0.008144808961603744)
(306, -0.00025755192689626283)
(307, -0.011360560459498847)
(308, -0.01475456652807218)
(309, -0.013686152919517414)
(310, 0.010814366928593722)
(311, -0.007314550800723907)
(312, -0.016980225720642228)
(313, -0.01810402801905464)
(314, -0.013836821031852797)
(315, -0.019997304553004247)
(316, -0.018544208515649252)
(317, -0.029510640927659426)
(318, -0.029491980058232267)
(319, -0.027083646837665495)
(320, -0.002311130567436051)
(321, -0.018480278941511927)
(322, -0.028534737936487142)
(323, -0.036204828276062445)
(324, -0.035626251300664505)
(325, -0.041772584123926676)
(326, -0.035403481501290204)
(327, -0.040056512384905804)
(328, -0.03486759097518997)
(329, -0.024690974517859024)
(330, 0.0005315427869873601)
(331, -0.028256205126398773)
(332, -0.041009059691498886)
(333, -0.04961250290084994)
(334, -0.04885711173980169)
(335, -0.05276659758078651)
(336, -0.04334317417547341)
(337, -0.04508527579167676)
(338, -0.04747946810482529)
(339, -0.0487048170620623)
(340, -0.028142385186747568)
(341, -0.050296047876410316)
(342, -0.050343431976591774)
(343, -0.05995615232301007)
(344, -0.05390213237205141)
(345, -0.05468504542402773)
(346, -0.055647810745927805)
(347, -0.06277593340611029)
(348, -0.06819551509906166)
(349, -0.06620437347740295)
(350, -0.04273283200829976)
(351, -0.06605087576427773)
(352, -0.06381408472267472)
(353, -0.06973321075362882)
(354, -0.06896393553173913)
(355, -0.07737804622173035)
(356, -0.07436058809781454)
(357, -0.0715865492176351)
(358, -0.07338467986343991)
(359, -0.06107830196952546)
(360, -0.02433081815267274)
(361, -0.06053895855695116)
(362, -0.06974420782680874)
(363, -0.08249843529048091)
(364, -0.08362551024469639)
(365, -0.08968235119889605)
(366, -0.08616605890306778)
(367, -0.08434417868127753)
(368, -0.08331488383348294)
(369, -0.07688126402051362)
(370, -0.06097274824220721)
(371, -0.09017902400551878)
(372, -0.08692206811614835)
(373, -0.08811696707736931)
(374, -0.08796365370101765)
(375, -0.08943896377843291)
(376, -0.08698567756775619)
(377, -0.09024193474120298)
(378, -0.09494247043463702)
(379, -0.09503433614403571)
(380, -0.07115412652778841)
(381, -0.09754210517366182)
(382, -0.0995785999353082)
(383, -0.0976218450926924)
(384, -0.09420689300601914)
(385, -0.1015096834150417)
(386, -0.10307952996010945)
(387, -0.10495152461584684)
(388, -0.10136215038483831)
(389, -0.09606130717914117)
(390, -0.0663818118690507)
(391, -0.09494733993391544)
(392, -0.10122606405530808)
(393, -0.10504024197202695)
(394, -0.11002672696504334)
(395, -0.11598163386308691)
(396, -0.11351231589416193)
(397, -0.11717045101521825)
(398, -0.11100106299773829)
(399, -0.10498712793419)
(400, -0.08029568723973667)
(401, -0.11133316419429026)
(402, -0.11864727838291791)
(403, -0.113226513202438)
(404, -0.10954100499639878)
(405, -0.11443599909380975)
(406, -0.11438882943660168)
(407, -0.11672153415499305)
(408, -0.11113272394394706)
(409, -0.11714268463001)
(410, -0.09485074577831354)
(411, -0.12173736866736752)
(412, -0.1271906431653456)
(413, -0.12224960843066036)
(414, -0.11922791760262644)
(415, -0.11995301800786846)
(416, -0.11770928597414203)
(417, -0.12234714336663755)
(418, -0.11614744999011442)
(419, -0.11194809496100726)
(420, -0.07800511997873714)
(421, -0.11319242564084334)
(422, -0.12085332793779673)
(423, -0.11654991656651881)
(424, -0.11916321172249163)
(425, -0.12732341487098808)
(426, -0.1267407312116972)
(427, -0.1334840162739752)
(428, -0.12911491202170847)
(429, -0.12406405084507101)
(430, -0.09498090270009517)
(431, -0.12073490774571231)
(432, -0.1275462728533902)
(433, -0.12838378339516632)
(434, -0.12170657161433561)
(435, -0.12180831108458891)
(436, -0.12502419369054935)
(437, -0.13315518132618218)
(438, -0.1266838772561676)
(439, -0.12128043125200635)
(440, -0.09973724564188752)
(441, -0.1300116968006049)
(442, -0.13671122749566325)
(443, -0.13581397666667616)
(444, -0.1276743778640356)
(445, -0.13394419301931554)
(446, -0.12752480238502734)
(447, -0.13051576523141667)
(448, -0.12868840932181258)
(449, -0.11883377154802349)
(450, -0.0921337877445349)
(451, -0.1255713785703809)
(452, -0.13424046234938491)
(453, -0.13377774877124418)
(454, -0.12129304918225811)
(455, -0.13033998799817692)
(456, -0.12747515942728818)
(457, -0.13717164739863696)
(458, -0.13701446268061174)
(459, -0.12629142285963277)
(460, -0.10269308127525688)
(461, -0.1257702837084678)
(462, -0.12891515710435092)
(463, -0.13178321115166294)
(464, -0.12218702072574736)
(465, -0.13058420821848837)
(466, -0.12348866951085438)
(467, -0.13478409163735142)
(468, -0.1371291148410644)
(469, -0.1259450556242825)
(470, -0.10215504044528013)
(471, -0.12834939354425318)
(472, -0.13674342381392277)
(473, -0.13978335046279342)
(474, -0.12855291854301243)
(475, -0.13661465654004848)
(476, -0.12970808679439164)
(477, -0.13076424692940747)
(478, -0.12753367305490215)
(479, -0.11608814944266965)
(480, -0.08381952819264858)
(481, -0.12290685470377655)
(482, -0.13289252229840248)
(483, -0.1372026784975729)
(484, -0.12857058592731874)
(485, -0.13120110511868197)
(486, -0.12583780991765744)
(487, -0.13610595533330289)
(488, -0.1401235185720599)
(489, -0.13489582694104738)
(490, -0.10757727929177324)
(491, -0.13491358838999057)
(492, -0.13360698410747188)
(493, -0.1350932248775391)
(494, -0.12654975526998244)
(495, -0.12716269506793454)
(496, -0.12965442200635693)
(497, -0.13376866688067793)
(498, -0.1362606304678913)
(499, -0.13603411004420785)
(500, -0.10348848424155259)
(501, -0.13109855587825517)
(502, -0.13243681612156977)
(503, -0.13755257162932671)
(504, -0.13346684001345466)
(505, -0.13459074659524214)
(506, -0.13581210510255284)
(507, -0.13931957843710838)
(508, -0.13646005635175396)
(509, -0.13035861171842023)
(510, -0.09806171972387806)
(511, -0.13194025473116183)
(512, -0.13783694623120804)
(513, -0.14254056925237146)
(514, -0.13917742333856162)
(515, -0.1358446415333241)
(516, -0.13285589583954077)
(517, -0.13469753374656543)
(518, -0.1369868629105515)
(519, -0.13926371535967047)
(520, -0.10968292228162214)
(521, -0.13846872374829783)
(522, -0.136741291093507)
(523, -0.1394993265611374)
(524, -0.1341685345622383)
(525, -0.12963045051914762)
(526, -0.13055320423862735)
(527, -0.13820805727214164)
(528, -0.1384993516726709)
(529, -0.14245917340553835)
(530, -0.11482203333849701)
(531, -0.14036019876604555)
(532, -0.14028090591027947)
(533, -0.14232177784977507)
(534, -0.13879382872308862)
(535, -0.1424910412071721)
(536, -0.13743878118886307)
(537, -0.14280245717074078)
(538, -0.14309136308806047)
(539, -0.13910177950533015)
(540, -0.10131582497669399)
(541, -0.1296507113430611)
(542, -0.13828489654208048)
(543, -0.14457584290406778)
(544, -0.14398387704036264)
(545, -0.14756126450638501)
(546, -0.13841949939164608)
(547, -0.14628137177274522)
(548, -0.14457574590758088)
(549, -0.14437231246422055)
(550, -0.1185212245300902)
(551, -0.14119929009870213)
(552, -0.14607232866235084)
(553, -0.14603373555359633)
(554, -0.14173788558266295)
(555, -0.1428931229067635)
(556, -0.13228401713406274)
(557, -0.14277790420037395)
(558, -0.14311529120765365)
(559, -0.14394783897876468)
(560, -0.11754507633707904)
(561, -0.14051615841326837)
(562, -0.14818436786411152)
(563, -0.1458931964370421)
(564, -0.14147030095815727)
(565, -0.14710741025099078)
(566, -0.13833872706981837)
(567, -0.1493569240602474)
(568, -0.14834254344762365)
(569, -0.14857804183012957)
(570, -0.1163776006738684)
(571, -0.1389784495933708)
(572, -0.14385871237473835)
(573, -0.14424523171466092)
(574, -0.14631243368458519)
(575, -0.15145526101694876)
(576, -0.14056188922630447)
(577, -0.14788423348038815)
(578, -0.14650358388045853)
(579, -0.146304125841115)
(580, -0.11923445884271654)
(581, -0.14213219621763704)
(582, -0.14633277417317045)
(583, -0.14821265616595558)
(584, -0.14570631472203768)
(585, -0.150278712963387)
(586, -0.14339959088463303)
(587, -0.14587279428950256)
(588, -0.1466478035926317)
(589, -0.15008377135280684)
(590, -0.12358350298071719)
(591, -0.14825807310809638)
(592, -0.15029170657046673)
(593, -0.15286325394943853)
(594, -0.14736187673073609)
(595, -0.14949067625173634)
(596, -0.14130718661694075)
(597, -0.1410979203065283)
(598, -0.14563074524430145)
(599, -0.14437516657238994)
(600, -0.1087521528051456)
(601, -0.1431224872484689)
(602, -0.13939783597415936)
(603, -0.1428876397615524)
(604, -0.1424525290846087)
(605, -0.15035684362347723)
(606, -0.14830044663847328)
(607, -0.14799350846842382)
(608, -0.15428879492669395)
(609, -0.15188800549838538)
(610, -0.12637520516025522)
(611, -0.15043593956507434)
(612, -0.14324450660968213)
(613, -0.15066864669631908)
(614, -0.14535298803452107)
(615, -0.149427064883735)
(616, -0.14898632755633512)
(617, -0.1459588614043758)
(618, -0.1478095706196105)
(619, -0.14478812892281975)
(620, -0.12143653653843693)
(621, -0.14706359642841443)
(622, -0.14327324972205852)
(623, -0.1498747670638067)
(624, -0.14513240078176504)
(625, -0.15170028981458122)
(626, -0.14768944545281892)
(627, -0.14336668371009356)
(628, -0.14743306727689837)
(629, -0.1472610976250818)
(630, -0.12204139315960003)
(631, -0.1528635298285952)
(632, -0.15033096526608927)
(633, -0.15067139742068936)
(634, -0.14580728392323705)
(635, -0.15039618404422248)
(636, -0.14926048572275336)
(637, -0.14995764850228313)
(638, -0.1514494209919697)
(639, -0.15134390468094455)
(640, -0.1267862698196658)
(641, -0.1525527343591611)
(642, -0.147768835973713)
(643, -0.14568471039917613)
(644, -0.14539187298047612)
(645, -0.14896954931207176)
(646, -0.14861268429482702)
(647, -0.15242773565403467)
(648, -0.14947618171965502)
(649, -0.15153974704523845)
(650, -0.12677736519960167)
(651, -0.15119380606746777)
(652, -0.15220109910942708)
(653, -0.1480269851682225)
(654, -0.15037881017792706)
(655, -0.15429198100062444)
(656, -0.15139644991267223)
(657, -0.1506366965490664)
(658, -0.1420771858221525)
(659, -0.145595447294338)
(660, -0.11441640218981429)
(661, -0.14928807114240233)
(662, -0.15413051852376553)
(663, -0.14784135011429902)
(664, -0.1504770032241575)
(665, -0.15139132000401698)
(666, -0.1496409638844688)
(667, -0.15419743491617655)
(668, -0.15046948416197453)
(669, -0.15446997809577184)
(670, -0.12966423911647873)
(671, -0.15676002808668388)
(672, -0.156577175301424)
(673, -0.14766357065882066)
(674, -0.14592497597434972)
(675, -0.14726373038488907)
(676, -0.14917874720127877)
(677, -0.1552048716849592)
(678, -0.15027005840991467)
(679, -0.15328595855826913)
(680, -0.1271664496759097)
(681, -0.1523518505370382)
(682, -0.15386013893633127)
(683, -0.14780354918551628)
(684, -0.14707834783344084)
(685, -0.15340226502140736)
(686, -0.15415066965636057)
(687, -0.15727403895461417)
(688, -0.15256947064174461)
(689, -0.14843135788600403)
(690, -0.12168465932659023)
(691, -0.1514615569409416)
(692, -0.1556930725164313)
(693, -0.15391347997571772)
(694, -0.14946975717197075)
(695, -0.15314471519468062)
(696, -0.14860243382242874)
(697, -0.15134581310944067)
(698, -0.15011502366003243)
(699, -0.14731229703931073)
(700, -0.12624620284545687)
(701, -0.15312357830296616)
(702, -0.15577391768626087)
(703, -0.15478389953886046)
(704, -0.14476579177683724)
(705, -0.1483764054719456)
(706, -0.14608796034146498)
(707, -0.15322016298481533)
(708, -0.15546465162664821)
(709, -0.15119321128645435)
(710, -0.13069423638431543)
(711, -0.15403080318560908)
(712, -0.1564213163638556)
(713, -0.15367744777928657)
(714, -0.14123382074148821)
(715, -0.14999166529000968)
(716, -0.1476035872348953)
(717, -0.15282142963854034)
(718, -0.15251364367797016)
(719, -0.1423386516048993)
(720, -0.1118566560276255)
(721, -0.14174846501510938)
(722, -0.14854504404721267)
(723, -0.15156823834395267)
(724, -0.14522072561349023)
(725, -0.15434979081146388)
(726, -0.14893387691794574)
(727, -0.15628430451607278)
(728, -0.15543412410732688)
(729, -0.14892507327874163)
(730, -0.12920923758042785)
(731, -0.1526127822979335)
(732, -0.15697635197710358)
(733, -0.15717561258638565)
(734, -0.14872693982726834)
(735, -0.15127821316037046)
(736, -0.1448844215503307)
(737, -0.1505864303984619)
(738, -0.15070196557522955)
(739, -0.15058330284038632)
(740, -0.12647475273007816)
(741, -0.1505824047586752)
(742, -0.15416273826725158)
(743, -0.15306370835922656)
(744, -0.1447398998501675)
(745, -0.14629829145395903)
(746, -0.1444774442442764)
(747, -0.15281089452566426)
(748, -0.15573736893344983)
(749, -0.1536023707935297)
(750, -0.12400155524770579)
(751, -0.1487304837435405)
(752, -0.15035824486965998)
(753, -0.15323618466850297)
(754, -0.15147583058509775)
(755, -0.15176874269172033)
(756, -0.15028826522457028)
(757, -0.15498259985252688)
(758, -0.1560338599833726)
(759, -0.1541073906368484)
(760, -0.12456119311908566)
(761, -0.1501556704306729)
(762, -0.15161350562439135)
(763, -0.15586396841344027)
(764, -0.15211745206631277)
(765, -0.14876834576796802)
(766, -0.148813356978729)
(767, -0.15048580992329294)
(768, -0.1504712759125011)
(769, -0.1531882843523644)
(770, -0.12668716664671198)
(771, -0.1553296799167245)
(772, -0.1552606389678802)
(773, -0.15818978923993784)
(774, -0.15257304395428845)
(775, -0.14891528760125652)
(776, -0.1457824704391444)
(777, -0.14580394070596678)
(778, -0.15146413986084628)
(779, -0.15187136046931143)
(780, -0.1179285897189919)
(781, -0.14936754261085322)
(782, -0.1480860953682753)
(783, -0.15089294517520502)
(784, -0.1486003778640853)
(785, -0.15112582135010666)
(786, -0.1493007380796721)
(787, -0.15411137482709283)
(788, -0.15661609273862154)
(789, -0.15683149821840178)
(790, -0.1283764638883637)
(791, -0.15029926812993433)
(792, -0.14714014113031587)
(793, -0.1508843249983191)
(794, -0.14959796737365838)
(795, -0.15140102166805694)
(796, -0.14661880181186845)
(797, -0.1505995550635001)
(798, -0.149060881215702)
(799, -0.14944783067048587)
(800, -0.12375356210432112)
(801, -0.14731476659064205)
(802, -0.15065025019509748)
(803, -0.15310754839973295)
(804, -0.15102780843364108)
(805, -0.15449669364114899)
(806, -0.1444757292503992)
(807, -0.14705583259547444)
(808, -0.14615376245119158)
(809, -0.1506915457239844)
(810, -0.12274120970802037)
(811, -0.14724643426979198)
(812, -0.15158915052398791)
(813, -0.15039756727584128)
(814, -0.1473695866358046)
(815, -0.14923972538256447)
(816, -0.1393328425143162)
(817, -0.1487841650175255)
(818, -0.14884559395837627)
(819, -0.15203026828337501)
(820, -0.12583969795233335)
(821, -0.14658724527977224)
(822, -0.14827855266569082)
(823, -0.14613249138498385)
(824, -0.1465192156981722)
(825, -0.1514679003906483)
(826, -0.14531254234865887)
(827, -0.15315592820074245)
(828, -0.15021997651153995)
(829, -0.15233376448476527)
(830, -0.12536462497444661)
(831, -0.14633235878253598)
(832, -0.15071508816362322)
(833, -0.14951999494518614)
(834, -0.14809519280588626)
(835, -0.15332286308818494)
(836, -0.14446265030104627)
(837, -0.14478551782597535)
(838, -0.13743249382812947)
(839, -0.1378891582566814)
(840, -0.10837272522790023)
(841, -0.14071321759180502)
(842, -0.14436269074117883)
(843, -0.14344202331573713)
(844, -0.143848111629001)
(845, -0.1487681200263329)
(846, -0.1421286261866763)
(847, -0.14513951105544948)
(848, -0.14631564796651025)
(849, -0.1499565427589185)
(850, -0.1270586322200397)
(851, -0.15164681393131993)
(852, -0.14836848995236537)
(853, -0.14645903110824016)
(854, -0.14279235209889915)
(855, -0.14711494073570452)
(856, -0.14557747217164052)
(857, -0.14703247396506403)
(858, -0.1479539036261465)
(859, -0.14777700226340318)
(860, -0.12160459995823822)
(861, -0.14488075320621815)
(862, -0.1413421738975116)
(863, -0.14442800953740162)
(864, -0.1419266267403923)
(865, -0.1510503848015495)
(866, -0.14868756072951325)
(867, -0.14735649947162538)
(868, -0.14824895522613613)
(869, -0.14270438969061636)
(870, -0.11473212587900193)
(871, -0.14555246460387056)
(872, -0.14672318196894316)
(873, -0.15045979142124852)
(874, -0.14608232205645233)
(875, -0.1519406479393007)
(876, -0.14753674830746594)
(877, -0.14487844423668883)
(878, -0.14592763920023)
(879, -0.14334310904902564)
(880, -0.12280715151848193)
(881, -0.14984131791404975)
(882, -0.14779758597314205)
(883, -0.14804686688200108)
(884, -0.13973487301869714)
(885, -0.14373418010572778)
(886, -0.1426466682777901)
(887, -0.14513892107969223)
(888, -0.14701638281533816)
(889, -0.14496577628190263)
(890, -0.12435928366125659)
(891, -0.14793504760322454)
(892, -0.1460177757386286)
(893, -0.14413660075494775)
(894, -0.13877042643204274)
(895, -0.14676879753416489)
(896, -0.14521785655027306)
(897, -0.14570945187826626)
(898, -0.14263181810737008)
(899, -0.1377070873568493)
(900, -0.10785853694938849)
(901, -0.13369353014266072)
(902, -0.13881856294332168)
(903, -0.1397128051954603)
(904, -0.1407215738949112)
(905, -0.1470762672846013)
(906, -0.14485563059203108)
(907, -0.1481287852554259)
(908, -0.14299579474101334)
(909, -0.140945134700523)
(910, -0.11917904163685619)
(911, -0.14511724893453642)
(912, -0.1475050923747497)
(913, -0.14301022329888563)
(914, -0.1400421192575095)
(915, -0.14053775676629962)
(916, -0.13908299962799883)
(917, -0.14201574488646312)
(918, -0.13834907972541058)
(919, -0.14104979694126105)
(920, -0.117275418411679)
(921, -0.1429593296870941)
(922, -0.14548927416683063)
(923, -0.13971990014416913)
(924, -0.13789320044725592)
(925, -0.1391805265533151)
(926, -0.1403111379765276)
(927, -0.14503147368085026)
(928, -0.14127595182519131)
(929, -0.1384261605888208)
(930, -0.1108092092540274)
(931, -0.13576710915046974)
(932, -0.13632710548435933)
(933, -0.1344393214751321)
(934, -0.13718754343750286)
(935, -0.13958912556389813)
(936, -0.1395029785205628)
(937, -0.14439769520972243)
(938, -0.14078733381446967)
(939, -0.1365952128247589)
(940, -0.11084131589154529)
(941, -0.13656833554952033)
(942, -0.14189134277020998)
(943, -0.14133873089557739)
(944, -0.13749205488665117)
(945, -0.13892812795398973)
(946, -0.13857491471789724)
(947, -0.1433363579128405)
(948, -0.14055907893320485)
(949, -0.1379634058135336)
(950, -0.11680556486604937)
(951, -0.14192496528012077)
(952, -0.14611903186735944)
(953, -0.14337133996087392)
(954, -0.13731204054033727)
(955, -0.14065065679080296)
(956, -0.13582526240486642)
(957, -0.13898224357806993)
(958, -0.13811606199953103)
(959, -0.128623868573722)
(960, -0.09847406328602651)
(961, -0.13093549721793707)
(962, -0.13831741870521388)
(963, -0.13460660527710136)
(964, -0.13061659901019793)
(965, -0.14072841223215216)
(966, -0.1387280163815274)
(967, -0.14743578918391945)
(968, -0.14840941852409564)
(969, -0.14104438620066806)
(970, -0.11818069325459746)
(971, -0.13850994031713232)
(972, -0.14296662144507763)
(973, -0.14406601157666038)
(974, -0.13720114956799084)
(975, -0.14288460240778267)
(976, -0.13816927376255744)
(977, -0.14570959145585208)
(978, -0.14435442320300623)
(979, -0.13676001154718959)
(980, -0.1137157503752443)
(981, -0.13553742141600367)
(982, -0.1439104968217261)
(983, -0.1443411400470047)
(984, -0.13660325186849975)
(985, -0.144157533960761)
(986, -0.13745474745784408)
(987, -0.1410621330174295)
(988, -0.13894093693465842)
(989, -0.13224016244329073)
(990, -0.10644572436737774)
(991, -0.1331588683102577)
(992, -0.14330865159786127)
(993, -0.14468189795396885)
(994, -0.1350458304349862)
(995, -0.13784576020656814)
(996, -0.1358568698129462)
(997, -0.14456512902445942)
(998, -0.14608345066009423)
(999, -0.1423506043868664)
(1000, -0.11791164319949818)
(1001, -0.13906746005959897)
(1002, -0.14152813830525995)
(1003, -0.14142048615404154)
(1004, -0.13665489814420634)
(1005, -0.13915380222510118)
(1006, -0.1371080470225397)
(1007, -0.1446657307391139)
(1008, -0.14413114951789655)
(1009, -0.14162823911828765)
(1010, -0.11640740187909844)
(1011, -0.1366660454449259)
(1012, -0.14068786648831394)
(1013, -0.1440747024374974)
(1014, -0.1388892667249007)
(1015, -0.14095986876993272)
(1016, -0.13865811450676868)
(1017, -0.13917538288399783)
(1018, -0.13448046733437166)
(1019, -0.12664914005977082)
(1020, -0.0964379050679757)
(1021, -0.12592398413362121)
(1022, -0.134326923194988)
(1023, -0.14013025371790838)
(1024, -0.13709638234230423)
};
\addplot[color_!30, name path = upper] coordinates{
(0, 1.0)
(1, 0.8048296370205829)
(2, 0.7588058615699098)
(3, 0.7359861420173803)
(4, 0.7229094709970831)
(5, 0.7128446409010029)
(6, 0.709014663971313)
(7, 0.7027433645269437)
(8, 0.7040141108659309)
(9, 0.700951063798041)
(10, 0.7102023455063277)
(11, 0.6887762487034826)
(12, 0.6843587230906403)
(13, 0.677381880944497)
(14, 0.6815086099093478)
(15, 0.6835007030902926)
(16, 0.6806522127661238)
(17, 0.6699484260821783)
(18, 0.6700814460183959)
(19, 0.6665461018255083)
(20, 0.6879318743541549)
(21, 0.6627325679963405)
(22, 0.6602485340609914)
(23, 0.6573612122266794)
(24, 0.6608998687236054)
(25, 0.6482408405463371)
(26, 0.6464126510216843)
(27, 0.6408143711639913)
(28, 0.6438218717845526)
(29, 0.6508095169316908)
(30, 0.6903525603694333)
(31, 0.6620752323306054)
(32, 0.643348871546961)
(33, 0.6307345494973876)
(34, 0.6281543110875475)
(35, 0.6229151160991452)
(36, 0.6266491457572763)
(37, 0.6197505986760479)
(38, 0.6242127020862643)
(39, 0.6291554892286961)
(40, 0.6466721424480607)
(41, 0.6175882126307098)
(42, 0.6126020701377561)
(43, 0.6055107497738866)
(44, 0.6102112295865105)
(45, 0.6086537495000608)
(46, 0.6122852743295741)
(47, 0.6050892787977223)
(48, 0.603784818606213)
(49, 0.5980887097000466)
(50, 0.6142166059176516)
(51, 0.5939176903351577)
(52, 0.5857513075899173)
(53, 0.5818812441798786)
(54, 0.58978964636978)
(55, 0.5861526479611232)
(56, 0.5848718073564878)
(57, 0.5757924846592458)
(58, 0.5777165997587752)
(59, 0.5893383633173274)
(60, 0.6298605192581497)
(61, 0.5900163117122479)
(62, 0.5829575714381461)
(63, 0.5722704428761578)
(64, 0.5654981762652022)
(65, 0.5546385695504721)
(66, 0.5565716616917885)
(67, 0.548240627294796)
(68, 0.5504027557922319)
(69, 0.5547366670742443)
(70, 0.5779320462265078)
(71, 0.5544476256923416)
(72, 0.545680752698599)
(73, 0.538785824351951)
(74, 0.5412006326052912)
(75, 0.5401018177088709)
(76, 0.5362153322360664)
(77, 0.5326258282479791)
(78, 0.5380483780202655)
(79, 0.5383423681509378)
(80, 0.552372042916351)
(81, 0.5263885620450778)
(82, 0.518324344549761)
(83, 0.515655400969935)
(84, 0.5182547465476232)
(85, 0.5156293617100871)
(86, 0.5211524211039997)
(87, 0.5146038781002761)
(88, 0.512759038600119)
(89, 0.5183413634668765)
(90, 0.5481132534816471)
(91, 0.5141606371695234)
(92, 0.5055988123328493)
(93, 0.5061945363772605)
(94, 0.5069253373007729)
(95, 0.4981827025248924)
(96, 0.49469278580099235)
(97, 0.4879215406821185)
(98, 0.486167671956655)
(99, 0.4888172532976202)
(100, 0.5071262087420477)
(101, 0.4893635119892452)
(102, 0.48574043005526457)
(103, 0.47942591825716735)
(104, 0.4780813725841636)
(105, 0.4738232747086977)
(106, 0.4710714715103537)
(107, 0.464969255065718)
(108, 0.4646481958962734)
(109, 0.47018737053813237)
(110, 0.4915672707775978)
(111, 0.46539537253621177)
(112, 0.4525073822461573)
(113, 0.44819252259399783)
(114, 0.45068365974829405)
(115, 0.4455954715023397)
(116, 0.4492977612509011)
(117, 0.45155404049210135)
(118, 0.45480317002729365)
(119, 0.46492924409475167)
(120, 0.4998973379935175)
(121, 0.45691039543273243)
(122, 0.4385598817813468)
(123, 0.4367947861493739)
(124, 0.4387415448937817)
(125, 0.43580935311843705)
(126, 0.4358261218687832)
(127, 0.42325183486937146)
(128, 0.41922243924234487)
(129, 0.4223323732675266)
(130, 0.43789025452444463)
(131, 0.4179867183916779)
(132, 0.4147774192131346)
(133, 0.4168107791839343)
(134, 0.4186558426647247)
(135, 0.4127027487282974)
(136, 0.40775155976784916)
(137, 0.4012179555206263)
(138, 0.39988453333345875)
(139, 0.4035454226101798)
(140, 0.4260875327382554)
(141, 0.40906471360950974)
(142, 0.39955205453296705)
(143, 0.3937806951178014)
(144, 0.3912781270088139)
(145, 0.3858919030151047)
(146, 0.3854299935828295)
(147, 0.3826115480593379)
(148, 0.3870390430878504)
(149, 0.39754374293507405)
(150, 0.42441774735642174)
(151, 0.3865680373184552)
(152, 0.3733620178893927)
(153, 0.3711713698218751)
(154, 0.37012404310497493)
(155, 0.36759460665495686)
(156, 0.3737303186728453)
(157, 0.36786749139420344)
(158, 0.36509734119535553)
(159, 0.3621092209401038)
(160, 0.3793636490901995)
(161, 0.35728780033952323)
(162, 0.35213212505480784)
(163, 0.3532182834588061)
(164, 0.35774713075604603)
(165, 0.3567504315986419)
(166, 0.3534200617238827)
(167, 0.342665034713864)
(168, 0.34133888591723793)
(169, 0.33964995748600674)
(170, 0.3598660752387971)
(171, 0.33903294271418316)
(172, 0.3384785475360226)
(173, 0.3370669302717127)
(174, 0.33663688830621435)
(175, 0.32676566423678055)
(176, 0.32837278802837766)
(177, 0.32457678516955524)
(178, 0.32723494815274606)
(179, 0.33917348474356773)
(180, 0.3886484900773659)
(181, 0.33990752623777865)
(182, 0.32446944395120547)
(183, 0.3177422296493504)
(184, 0.3189960691536524)
(185, 0.31105588685257063)
(186, 0.31481934429075753)
(187, 0.3102961546912585)
(188, 0.3125874130415816)
(189, 0.3139859567133674)
(190, 0.3307660748251834)
(191, 0.30212606130303316)
(192, 0.300193386975548)
(193, 0.29692844639753846)
(194, 0.30564679729604005)
(195, 0.3002359423457077)
(196, 0.3041864733877816)
(197, 0.2956400870780191)
(198, 0.2929363206704586)
(199, 0.2946638041170522)
(200, 0.31287840299803105)
(201, 0.28558522711869067)
(202, 0.28367326726587555)
(203, 0.28430408647763866)
(204, 0.29736868343257716)
(205, 0.2820422700325645)
(206, 0.2816904334738352)
(207, 0.2745026089644049)
(208, 0.27434814261989465)
(209, 0.2848233661394444)
(210, 0.3235193865750181)
(211, 0.2805250824860742)
(212, 0.275694617137892)
(213, 0.27085227341579493)
(214, 0.27828608207453526)
(215, 0.2670788187257561)
(216, 0.26914814680672605)
(217, 0.2627509145897952)
(218, 0.2641481662073531)
(219, 0.2703583709114974)
(220, 0.29929001894512125)
(221, 0.26175263709305785)
(222, 0.2579361427765724)
(223, 0.25398896186003506)
(224, 0.2625167742479516)
(225, 0.2573842424271497)
(226, 0.257473823325181)
(227, 0.2526738736132212)
(228, 0.2526449023320034)
(229, 0.25235463559078475)
(230, 0.2815320285024732)
(231, 0.24317818252459783)
(232, 0.24076715434742468)
(233, 0.23952002374190623)
(234, 0.2497336994774037)
(235, 0.24886418409757755)
(236, 0.24918132351241049)
(237, 0.24270763876341483)
(238, 0.2430792132540452)
(239, 0.2485225902783452)
(240, 0.31551986816722183)
(241, 0.24566253022613332)
(242, 0.2401662301283014)
(243, 0.23736099392550078)
(244, 0.2401529675291571)
(245, 0.2386979513978069)
(246, 0.23195127383182196)
(247, 0.2236381931573413)
(248, 0.22150493806096822)
(249, 0.22076965263761783)
(250, 0.2686014137485985)
(251, 0.22234186242227572)
(252, 0.2230241975321092)
(253, 0.21832867124099437)
(254, 0.22084474521810937)
(255, 0.22858765313512353)
(256, 0.2193709798853902)
(257, 0.21415765332730563)
(258, 0.21562868761925508)
(259, 0.21395236192103778)
(260, 0.25967365750822696)
(261, 0.21154472584586678)
(262, 0.21025162049340515)
(263, 0.20651989729971168)
(264, 0.21051706477375393)
(265, 0.21544733008912853)
(266, 0.21382669307225075)
(267, 0.20738223097534647)
(268, 0.20509567998880113)
(269, 0.2032817420795726)
(270, 0.2618984118623845)
(271, 0.20256520721776847)
(272, 0.19816225586283648)
(273, 0.19743282986660446)
(274, 0.20248152406976797)
(275, 0.20548408429917164)
(276, 0.2051525061046473)
(277, 0.19519231558632857)
(278, 0.1932902564850554)
(279, 0.18986580071663645)
(280, 0.22621240220606598)
(281, 0.19471102058777318)
(282, 0.19394401037533265)
(283, 0.19218052553620818)
(284, 0.19576732905771516)
(285, 0.19601968133500586)
(286, 0.19747777588350324)
(287, 0.18574641317877544)
(288, 0.18570302558220306)
(289, 0.18338087982615414)
(290, 0.2176523382163711)
(291, 0.19107909533180267)
(292, 0.18377728803941948)
(293, 0.18250295764924113)
(294, 0.18461710844938192)
(295, 0.18315527257125958)
(296, 0.1933774476305613)
(297, 0.184011133204657)
(298, 0.18722591393271082)
(299, 0.19167950339297307)
(300, 0.2414969732317443)
(301, 0.19677683813542715)
(302, 0.18180929133674112)
(303, 0.17836712435895177)
(304, 0.17891899695243413)
(305, 0.17582717970701317)
(306, 0.18971967662060213)
(307, 0.1732930903516207)
(308, 0.1708275944673282)
(309, 0.16822124128332017)
(310, 0.19077745591827272)
(311, 0.1737940867405698)
(312, 0.16864776318665783)
(313, 0.16841310360821168)
(314, 0.17302701150154345)
(315, 0.17218405390661132)
(316, 0.17845849136354283)
(317, 0.16624857241122176)
(318, 0.16355591667469765)
(319, 0.16115665022629228)
(320, 0.18749233813150634)
(321, 0.16899875681355214)
(322, 0.1648981760604226)
(323, 0.1628031068673019)
(324, 0.163609669897044)
(325, 0.1597795363068958)
(326, 0.16521158989621876)
(327, 0.1596961969280961)
(328, 0.15771457883475837)
(329, 0.16120954635651036)
(330, 0.20160757957666167)
(331, 0.16349412129221813)
(332, 0.15987541728554183)
(333, 0.15608369015014145)
(334, 0.15754521563665713)
(335, 0.15594307728001816)
(336, 0.16136213776115615)
(337, 0.1601033982365407)
(338, 0.15507809499678377)
(339, 0.15468079877503804)
(340, 0.1757942725945068)
(341, 0.15129774501335208)
(342, 0.15365476237561362)
(343, 0.15036165195518333)
(344, 0.1555615098520044)
(345, 0.15726563165980395)
(346, 0.15732650618847485)
(347, 0.15779947499221725)
(348, 0.15015834910120454)
(349, 0.14765397826762794)
(350, 0.16862332656058132)
(351, 0.14772436205634046)
(352, 0.15456181506889646)
(353, 0.14915166700941776)
(354, 0.151797525209517)
(355, 0.14882218690839283)
(356, 0.14892846417203867)
(357, 0.15437860465718878)
(358, 0.14869692901730402)
(359, 0.15623027066303585)
(360, 0.20497930717891155)
(361, 0.1575141753149032)
(362, 0.1536647890488571)
(363, 0.1449806990112683)
(364, 0.14286989753586649)
(365, 0.1388856336069821)
(366, 0.13867587664514971)
(367, 0.1408007146586987)
(368, 0.13571730541301597)
(369, 0.1363136065298621)
(370, 0.15783185864973973)
(371, 0.13406595051580586)
(372, 0.13555903436476066)
(373, 0.1313642919358628)
(374, 0.13486538385324032)
(375, 0.137473883565527)
(376, 0.13706585027396917)
(377, 0.13679126129726615)
(378, 0.13483618465054306)
(379, 0.13258449781661164)
(380, 0.15340728331005854)
(381, 0.13046883165288672)
(382, 0.13108366315663433)
(383, 0.1324740891274829)
(384, 0.13439711924795653)
(385, 0.1324931006098636)
(386, 0.13174333592295456)
(387, 0.13072700829546852)
(388, 0.12932950774889446)
(389, 0.13017722172841356)
(390, 0.1656488226730141)
(391, 0.13024284450734783)
(392, 0.12688199774064501)
(393, 0.12892453941557594)
(394, 0.12648939856985497)
(395, 0.12431685810959098)
(396, 0.12306128194175282)
(397, 0.12000473251470906)
(398, 0.12363988470532386)
(399, 0.1209176885507748)
(400, 0.14410230290814335)
(401, 0.12117789135078105)
(402, 0.12052522490969955)
(403, 0.12420500538186034)
(404, 0.11951030296625902)
(405, 0.12296696489371084)
(406, 0.1207201755216475)
(407, 0.1186150940022102)
(408, 0.12451491333961821)
(409, 0.1189994644768347)
(410, 0.14023635967058606)
(411, 0.11667965421379105)
(412, 0.11423369783680126)
(413, 0.12054058672253552)
(414, 0.11920473704184326)
(415, 0.12043079491852159)
(416, 0.12130795484099151)
(417, 0.12050650341998981)
(418, 0.1266482386151357)
(419, 0.13123043034584375)
(420, 0.17595021747539652)
(421, 0.12993936915592752)
(422, 0.12147055243855147)
(423, 0.12253205227498448)
(424, 0.12055185414205076)
(425, 0.11814198786902343)
(426, 0.1166768272149346)
(427, 0.11103298864613347)
(428, 0.11196869034547229)
(429, 0.11210312832902929)
(430, 0.1332957447547444)
(431, 0.11145481715485302)
(432, 0.11175336873205628)
(433, 0.11302795250243948)
(434, 0.11474099301251998)
(435, 0.11449335277703236)
(436, 0.11136177396412636)
(437, 0.10766391439691404)
(438, 0.11043693898208257)
(439, 0.11247100017534578)
(440, 0.13306878858952412)
(441, 0.11016746860584764)
(442, 0.10716113259817056)
(443, 0.10690478274068882)
(444, 0.11137523296259061)
(445, 0.10773362476144148)
(446, 0.10875273414679641)
(447, 0.10636984647736862)
(448, 0.10763990844796026)
(449, 0.11528865578998909)
(450, 0.14449753901750303)
(451, 0.11034136522071705)
(452, 0.10406151308552597)
(453, 0.10359172359526488)
(454, 0.11054862035386351)
(455, 0.1063769521414825)
(456, 0.10743923315939617)
(457, 0.10305295205526398)
(458, 0.10255138820829614)
(459, 0.10641330338354864)
(460, 0.12180130927784259)
(461, 0.10067350529976783)
(462, 0.10139218201685517)
(463, 0.0998798753484627)
(464, 0.10777259574248615)
(465, 0.10535542229840943)
(466, 0.1009568715262934)
(467, 0.09576147390812509)
(468, 0.09672318120034418)
(469, 0.10011793450014574)
(470, 0.1207740685815701)
(471, 0.09888320406789625)
(472, 0.09656620864708808)
(473, 0.09473819307885502)
(474, 0.10036544979285482)
(475, 0.09783086049754285)
(476, 0.09872129844043863)
(477, 0.09848195086828795)
(478, 0.10309598613020834)
(479, 0.11519824247177302)
(480, 0.1602035972030602)
(481, 0.11366798445824342)
(482, 0.10151572005888511)
(483, 0.09475485370534809)
(484, 0.0959906302305431)
(485, 0.09413256202412972)
(486, 0.09472851506397403)
(487, 0.08898560982569631)
(488, 0.0887938392496894)
(489, 0.08993655845546268)
(490, 0.11192943486240439)
(491, 0.08649163266714346)
(492, 0.08505188483905185)
(493, 0.08397458346330663)
(494, 0.09008273285164056)
(495, 0.09343679762596852)
(496, 0.08884934099421421)
(497, 0.0821132131071166)
(498, 0.08241354901267764)
(499, 0.08301834630788556)
(500, 0.1105380789194083)
(501, 0.08446536656232254)
(502, 0.08281984827510785)
(503, 0.07970854911052819)
(504, 0.0832889119681249)
(505, 0.08437280923526187)
(506, 0.08086771894922964)
(507, 0.07780484608759342)
(508, 0.08054198680159767)
(509, 0.08812636539425686)
(510, 0.13425169457464078)
(511, 0.08796962028155814)
(512, 0.08058333586374614)
(513, 0.07647111747188362)
(514, 0.07789620646126118)
(515, 0.0796136288192072)
(516, 0.07911396485408775)
(517, 0.07580749921582783)
(518, 0.07646017388039114)
(519, 0.07794785433318979)
(520, 0.10493319026015675)
(521, 0.07674013060739474)
(522, 0.07501178868148592)
(523, 0.07160586265026991)
(524, 0.0781584819518075)
(525, 0.08254106360829747)
(526, 0.0803957043638995)
(527, 0.07395801471063976)
(528, 0.07466096990217161)
(529, 0.0736057133777814)
(530, 0.09898848966700462)
(531, 0.07494880936940014)
(532, 0.07377768631259779)
(533, 0.0715994392722678)
(534, 0.07662653220146362)
(535, 0.07577269235245565)
(536, 0.07757823980303705)
(537, 0.07593290481453382)
(538, 0.08012713174482172)
(539, 0.09368173547830126)
(540, 0.14400638789637418)
(541, 0.09742188244391103)
(542, 0.08279704430537424)
(543, 0.07512428800927744)
(544, 0.07572259271725335)
(545, 0.07309284334446656)
(546, 0.07544835601483416)
(547, 0.06940547574056044)
(548, 0.07177192956296351)
(549, 0.0746310609977598)
(550, 0.09639672812015901)
(551, 0.07505185891720188)
(552, 0.07203726122481788)
(553, 0.06868550745069807)
(554, 0.07328251239031577)
(555, 0.07566216498155004)
(556, 0.07772330182105042)
(557, 0.07050471364777691)
(558, 0.07155747403995817)
(559, 0.07279945523280461)
(560, 0.09270498538402804)
(561, 0.07468107837528981)
(562, 0.06929991146351)
(563, 0.06817314032873453)
(564, 0.07354165501429841)
(565, 0.0714637802799552)
(566, 0.07461987405809425)
(567, 0.07044906568970949)
(568, 0.07353355950915846)
(569, 0.0810692842032033)
(570, 0.11569597231907128)
(571, 0.08424085600300185)
(572, 0.07560552493454961)
(573, 0.07061079348413606)
(574, 0.07195681648028024)
(575, 0.07001204835595701)
(576, 0.0727221063220998)
(577, 0.06763384425697219)
(578, 0.0688419596582808)
(579, 0.07315704306108853)
(580, 0.09524291712406709)
(581, 0.07425564223566164)
(582, 0.07138475358844043)
(583, 0.0699208823733494)
(584, 0.07412092594060088)
(585, 0.07624005229878753)
(586, 0.07497506779137356)
(587, 0.07188572382116004)
(588, 0.07341581009479427)
(589, 0.0746055099124125)
(590, 0.09485205128942789)
(591, 0.07509547030715599)
(592, 0.07169625723484158)
(593, 0.06928666723153559)
(594, 0.07362933500454161)
(595, 0.0734269610319496)
(596, 0.0764202303252832)
(597, 0.07663286309570297)
(598, 0.08105625331249464)
(599, 0.0952642828878007)
(600, 0.13869235984742836)
(601, 0.09551609176798576)
(602, 0.0823808941992478)
(603, 0.07673229579646468)
(604, 0.07705910720404414)
(605, 0.07412359142804043)
(606, 0.07449757581511077)
(607, 0.07304067206922937)
(608, 0.07082187988001018)
(609, 0.0743743507554516)
(610, 0.09558518301462555)
(611, 0.07582869333472636)
(612, 0.07488666643110563)
(613, 0.07081711852224279)
(614, 0.07626149180558137)
(615, 0.07779275171193326)
(616, 0.07434497447035546)
(617, 0.07166932803540468)
(618, 0.07145116646656191)
(619, 0.07533147176219968)
(620, 0.09614725985806856)
(621, 0.07582804705542054)
(622, 0.07219984587597238)
(623, 0.06907224795700341)
(624, 0.07194750641798031)
(625, 0.07052606993623307)
(626, 0.07233940889387881)
(627, 0.07446727731479916)
(628, 0.07560680646196344)
(629, 0.08579188704020359)
(630, 0.11937066096038623)
(631, 0.08368179167850993)
(632, 0.0742201630927666)
(633, 0.07060284917020367)
(634, 0.0738672751942287)
(635, 0.0728953799596524)
(636, 0.07380912589970212)
(637, 0.0704239345731899)
(638, 0.07102994774607471)
(639, 0.07503560148961175)
(640, 0.093834549757923)
(641, 0.07427328677203322)
(642, 0.073444600154377)
(643, 0.0733987086200509)
(644, 0.07715865019277811)
(645, 0.08003604163518072)
(646, 0.07642722713046649)
(647, 0.07209095815862138)
(648, 0.07275364922883115)
(649, 0.07590274771393529)
(650, 0.0986266406918609)
(651, 0.07785925638469776)
(652, 0.07350161297348497)
(653, 0.07419874224767595)
(654, 0.07520162673355837)
(655, 0.07473149489626255)
(656, 0.07554279093297528)
(657, 0.07679467782289173)
(658, 0.08561886923964834)
(659, 0.09996239415051054)
(660, 0.14425381427329395)
(661, 0.09744890325526681)
(662, 0.08191790727499276)
(663, 0.07796154968081764)
(664, 0.07534693302285128)
(665, 0.07591435703069394)
(666, 0.07706306357949277)
(667, 0.0725885325107461)
(668, 0.07363668722294539)
(669, 0.07619871032195064)
(670, 0.09659045839074938)
(671, 0.07496079635873407)
(672, 0.07141275929375314)
(673, 0.07415780530555763)
(674, 0.07834482300130502)
(675, 0.08037491636756872)
(676, 0.07674811579708932)
(677, 0.07071252032681441)
(678, 0.07239534198528105)
(679, 0.07339768855409895)
(680, 0.09611509512845458)
(681, 0.07591103564681716)
(682, 0.07197112423227553)
(683, 0.07156295986343691)
(684, 0.0742946754702685)
(685, 0.0716705048541336)
(686, 0.0714296878735795)
(687, 0.06973753767981246)
(688, 0.0741649847673646)
(689, 0.08665359634403508)
(690, 0.12446906550070497)
(691, 0.08517522643475578)
(692, 0.07332604375204149)
(693, 0.07055515896570361)
(694, 0.07172324999988078)
(695, 0.07034560921979491)
(696, 0.07207369415596537)
(697, 0.06960103760462284)
(698, 0.07119518090939711)
(699, 0.07495112450006708)
(700, 0.0951070532505064)
(701, 0.0729524580141678)
(702, 0.07032895977878516)
(703, 0.06841537137698721)
(704, 0.07674351737408747)
(705, 0.07860496409760431)
(706, 0.07727962175427242)
(707, 0.0708876163241073)
(708, 0.07124290596246532)
(709, 0.07433433282263954)
(710, 0.09421038823100474)
(711, 0.0731522428980484)
(712, 0.06984838852441333)
(713, 0.06986392315267237)
(714, 0.07624935997575195)
(715, 0.07348076553788441)
(716, 0.07296273479418285)
(717, 0.07270351750060502)
(718, 0.07809736769935027)
(719, 0.09442032721649027)
(720, 0.14286775812890679)
(721, 0.09612090094352244)
(722, 0.07987017005571367)
(723, 0.0719153645535215)
(724, 0.07357895358558666)
(725, 0.07035604914636179)
(726, 0.07156250709562886)
(727, 0.06675990190302301)
(728, 0.06972496931076329)
(729, 0.07428086292975733)
(730, 0.09580054629087771)
(731, 0.0719321416516733)
(732, 0.06827457633623511)
(733, 0.0670721006038344)
(734, 0.0721586053812866)
(735, 0.07446342551436563)
(736, 0.07409794887241841)
(737, 0.06818920318537608)
(738, 0.06960915185971853)
(739, 0.06986961159935401)
(740, 0.09254265959507754)
(741, 0.07001888327155695)
(742, 0.06525694636829454)
(743, 0.06420445247068296)
(744, 0.07032798629031727)
(745, 0.06850391104753079)
(746, 0.0702835704425234)
(747, 0.06562085406693786)
(748, 0.0699874579733894)
(749, 0.07861685542840252)
(750, 0.11817502485761397)
(751, 0.08030812538061452)
(752, 0.07150347835647453)
(753, 0.06679728301983733)
(754, 0.06799104097206235)
(755, 0.06626566686379651)
(756, 0.06708235074743808)
(757, 0.06254975168111604)
(758, 0.06401963028599793)
(759, 0.06856264120773689)
(760, 0.09496067154989583)
(761, 0.06836763876316758)
(762, 0.0651990620747237)
(763, 0.061965326971528505)
(764, 0.06803807968403938)
(765, 0.07042490188742184)
(766, 0.0681095933670792)
(767, 0.06365571402677722)
(768, 0.06670707421386489)
(769, 0.06767656128291466)
(770, 0.09152512416682947)
(771, 0.06588032334386479)
(772, 0.06339639507065273)
(773, 0.060368760926671115)
(774, 0.06554288995440376)
(775, 0.06612310835791252)
(776, 0.06912079156376094)
(777, 0.06850809110798298)
(778, 0.07273756591143159)
(779, 0.08650107316865677)
(780, 0.13387124196340788)
(781, 0.08556729706997417)
(782, 0.07215641749940357)
(783, 0.06595092452829279)
(784, 0.06735178694506153)
(785, 0.06434390040602223)
(786, 0.06465475654358215)
(787, 0.05970508363089986)
(788, 0.06069345932974241)
(789, 0.06244564995982844)
(790, 0.08673914057251769)
(791, 0.0642747766213804)
(792, 0.06303828258225115)
(793, 0.058889484063201776)
(794, 0.06354485334314619)
(795, 0.06513072414770019)
(796, 0.06295633662133368)
(797, 0.05697063589794582)
(798, 0.05968575464899237)
(799, 0.06271923979278962)
(800, 0.08589362443545245)
(801, 0.061601624887873685)
(802, 0.056903046603061315)
(803, 0.05544777157941949)
(804, 0.05870667738450758)
(805, 0.05616482751052198)
(806, 0.06007418365189533)
(807, 0.05836737176582316)
(808, 0.06413395556372123)
(809, 0.07051349452000441)
(810, 0.1054356031930115)
(811, 0.07058032092663963)
(812, 0.05979405960960576)
(813, 0.05586607113350689)
(814, 0.0585135825330212)
(815, 0.05697952624871918)
(816, 0.06028526009825743)
(817, 0.05275436718747189)
(818, 0.055353903289646976)
(819, 0.05770902323156619)
(820, 0.07692427483308936)
(821, 0.05784749990536517)
(822, 0.05523804990771126)
(823, 0.05534185835426727)
(824, 0.059851969729557274)
(825, 0.06053617540923759)
(826, 0.05960860017672005)
(827, 0.05301469647257762)
(828, 0.05527075513521291)
(829, 0.05715654579714072)
(830, 0.07989757020790593)
(831, 0.06025585869005187)
(832, 0.05501948821842573)
(833, 0.05318195056391397)
(834, 0.05668242861221608)
(835, 0.054506642342379986)
(836, 0.05708124333352967)
(837, 0.05694254951576424)
(838, 0.06562475657685801)
(839, 0.08162801445302617)
(840, 0.12305823606688476)
(841, 0.07730922366676832)
(842, 0.061913534085104575)
(843, 0.056215151639960916)
(844, 0.055455554549101345)
(845, 0.05408276328028703)
(846, 0.05692797114791692)
(847, 0.0533049849721567)
(848, 0.05304375807763664)
(849, 0.05542057050652148)
(850, 0.07477211128125894)
(851, 0.05318497489658677)
(852, 0.05153767023555234)
(853, 0.05057646381533691)
(854, 0.056724115812866106)
(855, 0.057789613574338844)
(856, 0.05348889958038674)
(857, 0.04881780097801834)
(858, 0.049709602297888685)
(859, 0.05098619382974334)
(860, 0.07119593709911931)
(861, 0.051894217691625825)
(862, 0.049144980438852355)
(863, 0.0473223441064853)
(864, 0.04994174052967956)
(865, 0.04819162954263464)
(866, 0.04777901502103809)
(867, 0.047532856547325)
(868, 0.050631421543252945)
(869, 0.06229959102401747)
(870, 0.09804445860983992)
(871, 0.060599333370152414)
(872, 0.04989647672383327)
(873, 0.046525180358969)
(874, 0.047790072580405046)
(875, 0.04619980160822413)
(876, 0.04749173362817954)
(877, 0.045352507497970554)
(878, 0.047249877874677874)
(879, 0.05049340909611674)
(880, 0.06878309426517354)
(881, 0.047813973576214266)
(882, 0.04545473409068399)
(883, 0.04451240525705767)
(884, 0.050074881678794175)
(885, 0.053186753425265874)
(886, 0.05108736200508819)
(887, 0.04511194982854819)
(888, 0.045922595162921694)
(889, 0.048725509359322024)
(890, 0.06740051575533651)
(891, 0.047880203923645955)
(892, 0.044073627878317666)
(893, 0.0453568558432276)
(894, 0.05068858274874673)
(895, 0.04757492567155988)
(896, 0.04901078942231848)
(897, 0.04851818463650104)
(898, 0.05448943025467792)
(899, 0.06924671708554545)
(900, 0.11375421372862737)
(901, 0.06971706020504952)
(902, 0.054475269376841794)
(903, 0.04959166469453926)
(904, 0.04970048605709841)
(905, 0.047369022424014744)
(906, 0.04709238080933185)
(907, 0.04332242542319471)
(908, 0.04537341443138559)
(909, 0.05021030077086551)
(910, 0.07041557629693665)
(911, 0.04713656538246576)
(912, 0.04465363006799326)
(913, 0.04508578279206595)
(914, 0.04853461619541694)
(915, 0.051436423714353086)
(916, 0.04833950726578548)
(917, 0.045264033994696466)
(918, 0.046731348767173164)
(919, 0.047487007184586705)
(920, 0.0692130381203991)
(921, 0.04689916926815624)
(922, 0.0434609471860355)
(923, 0.044257191761858064)
(924, 0.04869584522287499)
(925, 0.04934064595382763)
(926, 0.04770587352391383)
(927, 0.04603540483110808)
(928, 0.04910469817889859)
(929, 0.05732274236104197)
(930, 0.09605214164430653)
(931, 0.057031586442986434)
(932, 0.048892824066731407)
(933, 0.049145641699876966)
(934, 0.050051698901120704)
(935, 0.051768513645433015)
(936, 0.04995964202031033)
(937, 0.04762467553299488)
(938, 0.04905642805511799)
(939, 0.052551304202152954)
(940, 0.0781505626713012)
(941, 0.052895597551129526)
(942, 0.05039158985775258)
(943, 0.050643448745186566)
(944, 0.05452029692733039)
(945, 0.059385312792815295)
(946, 0.054715592803534475)
(947, 0.050157630428975065)
(948, 0.0535180099160103)
(949, 0.055214545363218966)
(950, 0.07738258844096113)
(951, 0.05457502399934035)
(952, 0.05066271448056497)
(953, 0.051964572577271474)
(954, 0.056759533367122306)
(955, 0.05863218101868963)
(956, 0.060641258856040506)
(957, 0.05973063774425038)
(958, 0.06498604772105279)
(959, 0.07591085715802605)
(960, 0.12059653242629603)
(961, 0.07674190869682157)
(962, 0.06392444574834955)
(963, 0.05968414740302413)
(964, 0.06212063331681817)
(965, 0.06065409868154981)
(966, 0.06134098996683307)
(967, 0.05624055685345222)
(968, 0.05677474340864408)
(969, 0.06008070024195999)
(970, 0.08063749047116334)
(971, 0.061255285803752633)
(972, 0.05934638641810408)
(973, 0.05798588742075732)
(974, 0.0642359642233659)
(975, 0.06586006456621488)
(976, 0.06502376805083246)
(977, 0.05940875414885403)
(978, 0.06071264753789369)
(979, 0.06356087890103389)
(980, 0.08580332648692186)
(981, 0.06551056521730153)
(982, 0.061132802724896886)
(983, 0.05943196646936459)
(984, 0.06416295343173575)
(985, 0.06337914563833166)
(986, 0.0659078232556193)
(987, 0.06311284364329092)
(988, 0.06413767650335053)
(989, 0.06977419771400234)
(990, 0.10494130679292714)
(991, 0.07056779068580513)
(992, 0.06350419374715437)
(993, 0.06158779956416489)
(994, 0.06376636694863907)
(995, 0.064424620760019)
(996, 0.06878559746443681)
(997, 0.06341399057413208)
(998, 0.06336190064717245)
(999, 0.06520836092190377)
(1000, 0.08768286954016916)
(1001, 0.06637224644109795)
(1002, 0.06583382916472494)
(1003, 0.06458471303112279)
(1004, 0.0700360599376703)
(1005, 0.07257794780455382)
(1006, 0.07058529641749602)
(1007, 0.06543106601725474)
(1008, 0.06650489196813836)
(1009, 0.06544325490787274)
(1010, 0.09111911491362638)
(1011, 0.06805621433653641)
(1012, 0.06620617187931496)
(1013, 0.06489308632516763)
(1014, 0.06779338695929614)
(1015, 0.0692818944457303)
(1016, 0.07172942614902904)
(1017, 0.07183346165211764)
(1018, 0.07581810581922022)
(1019, 0.08381327686005527)
(1020, 0.13238335541904034)
(1021, 0.08426357966670996)
(1022, 0.0754827755621102)
(1023, 0.07084070029160666)
(1024, 0.07093165007621907)
};
\addplot[color_, name path = mean] coordinates{
(0, 1.0)
(1, 0.6855105606774393)
(2, 0.6355937791017369)
(3, 0.6157770926692022)
(4, 0.6044340653680736)
(5, 0.6023294467625054)
(6, 0.5914869530014528)
(7, 0.5818539138813409)
(8, 0.5798917031025189)
(9, 0.5770801912055223)
(10, 0.6060045922449256)
(11, 0.5672049185769377)
(12, 0.5590979161990753)
(13, 0.5535146867742716)
(14, 0.5576365159982613)
(15, 0.5654036373119066)
(16, 0.5601645558798575)
(17, 0.5449418523468819)
(18, 0.5421391883283103)
(19, 0.5380670264709465)
(20, 0.5724231675531762)
(21, 0.5393320916446401)
(22, 0.5321944979988925)
(23, 0.5313301603551225)
(24, 0.5349827024828351)
(25, 0.5287859093950746)
(26, 0.5266863213267452)
(27, 0.5146787094684867)
(28, 0.5148956161213083)
(29, 0.518894423918826)
(30, 0.5643985523764105)
(31, 0.5332839188618061)
(32, 0.5138674150424499)
(33, 0.5048457940069462)
(34, 0.5032223063045277)
(35, 0.5015402035196819)
(36, 0.5083735501673667)
(37, 0.49410474804376936)
(38, 0.4963785552316776)
(39, 0.5004829379078873)
(40, 0.5267253190815316)
(41, 0.4989673926930296)
(42, 0.48538136962974593)
(43, 0.48051636798231673)
(44, 0.48491009228543785)
(45, 0.48474912357283884)
(46, 0.4954063533528763)
(47, 0.48067872753752683)
(48, 0.4776365985123473)
(49, 0.47168800981971326)
(50, 0.49567839909884587)
(51, 0.4765420901734645)
(52, 0.46237973394377235)
(53, 0.46015212959261886)
(54, 0.4675808619466362)
(55, 0.466003244753451)
(56, 0.4733092478782219)
(57, 0.45867158032057026)
(58, 0.4573410982557618)
(59, 0.4646609997485927)
(60, 0.509399626852379)
(61, 0.4725674663524435)
(62, 0.4612292593969611)
(63, 0.45176516784922066)
(64, 0.44634766233889284)
(65, 0.4373440997763375)
(66, 0.4444127648508198)
(67, 0.4326914493355281)
(68, 0.42867187658350275)
(69, 0.431152487915987)
(70, 0.4589586137681557)
(71, 0.43775759683670445)
(72, 0.42986796694175033)
(73, 0.42048499931765676)
(74, 0.4226256165296312)
(75, 0.42162657982380686)
(76, 0.4243915330008578)
(77, 0.4200192942027484)
(78, 0.41744467960277426)
(79, 0.41638608688339723)
(80, 0.4382168781885838)
(81, 0.4116454251886374)
(82, 0.40753720687384226)
(83, 0.3998125398409704)
(84, 0.4022122939308783)
(85, 0.40054419715822576)
(86, 0.4076098833661588)
(87, 0.40574508027330264)
(88, 0.3955899631651004)
(89, 0.39804892033337197)
(90, 0.432241090030341)
(91, 0.39740927839702295)
(92, 0.39751255050624185)
(93, 0.390834577810093)
(94, 0.39271112760214677)
(95, 0.38664412336739823)
(96, 0.3852579779378246)
(97, 0.3847895338878806)
(98, 0.37443132047614386)
(99, 0.3757899213879759)
(100, 0.3997222043815783)
(101, 0.3761468121517682)
(102, 0.38301189124289664)
(103, 0.36995524677965036)
(104, 0.3691886266810674)
(105, 0.36615796475771517)
(106, 0.3639857202491254)
(107, 0.36517258176302525)
(108, 0.3573218714742953)
(109, 0.3592571331454086)
(110, 0.3844854878273199)
(111, 0.35508613846573783)
(112, 0.35486884536804586)
(113, 0.34639896780146034)
(114, 0.3479602325719939)
(115, 0.3437183117565323)
(116, 0.34673679701292665)
(117, 0.35595404007276216)
(118, 0.3537921884842396)
(119, 0.3574091905387386)
(120, 0.39667527365418304)
(121, 0.3500629394729907)
(122, 0.34427780675913405)
(123, 0.3398245872620658)
(124, 0.3370549705269643)
(125, 0.33429706330647246)
(126, 0.33287077998389136)
(127, 0.32758840371303155)
(128, 0.322834429976557)
(129, 0.3192794091103718)
(130, 0.3415905542598013)
(131, 0.315076418981389)
(132, 0.31839090215664106)
(133, 0.3216549623570577)
(134, 0.3187996764725441)
(135, 0.3151842320154111)
(136, 0.3098501836839978)
(137, 0.30639552023660477)
(138, 0.30849340617769816)
(139, 0.30342241207305065)
(140, 0.3305895175773702)
(141, 0.3068573683822687)
(142, 0.3025290679573822)
(143, 0.30382654414055116)
(144, 0.2962723632359351)
(145, 0.29240037287855614)
(146, 0.2911251074640309)
(147, 0.2895234429067944)
(148, 0.2992478388982661)
(149, 0.29809811260045604)
(150, 0.330453510271762)
(151, 0.28990052065938066)
(152, 0.2796912536077727)
(153, 0.28584787709080023)
(154, 0.27904417305098334)
(155, 0.277144035295207)
(156, 0.2806061024570136)
(157, 0.27486913268680674)
(158, 0.2795639638334547)
(159, 0.27086196787999595)
(160, 0.2929447328756292)
(161, 0.26583861539420645)
(162, 0.26116949496268177)
(163, 0.269108570254414)
(164, 0.27002021253590097)
(165, 0.26972785010312433)
(166, 0.2647117566495553)
(167, 0.2543943514774054)
(168, 0.2589966761469367)
(169, 0.2549365588235722)
(170, 0.275996603858541)
(171, 0.2517510135937344)
(172, 0.2496238942881217)
(173, 0.2541188229365911)
(174, 0.25371922226895144)
(175, 0.24388731567499763)
(176, 0.2446316703596119)
(177, 0.24116253585124053)
(178, 0.2481253230166129)
(179, 0.2592024441282132)
(180, 0.29963837743481453)
(181, 0.2551695192474763)
(182, 0.24079123722770127)
(183, 0.23814350216327093)
(184, 0.24030918932128545)
(185, 0.23076374498889726)
(186, 0.23294253837449608)
(187, 0.22813882592843068)
(188, 0.23071211651381388)
(189, 0.23477464591593375)
(190, 0.2495521604183195)
(191, 0.2210413296000123)
(192, 0.21835665494287212)
(193, 0.21699935289430214)
(194, 0.22758716930166772)
(195, 0.22211811315343116)
(196, 0.22322849125694252)
(197, 0.21426390202503964)
(198, 0.21183086577612786)
(199, 0.21697844752101916)
(200, 0.23384859505625702)
(201, 0.20662935866659976)
(202, 0.2031957234030042)
(203, 0.20444410395152582)
(204, 0.2169250777184147)
(205, 0.20377181088544516)
(206, 0.20196788945509234)
(207, 0.19566548448754598)
(208, 0.19660806845384074)
(209, 0.20925701381894993)
(210, 0.23819363155687334)
(211, 0.2042573949026938)
(212, 0.19722159509136739)
(213, 0.19138259493625887)
(214, 0.1979413488016435)
(215, 0.1898834814539363)
(216, 0.1906931031569216)
(217, 0.1842836425427091)
(218, 0.186034525181479)
(219, 0.194319439100368)
(220, 0.21624839204098523)
(221, 0.18423995172053306)
(222, 0.17824152848097857)
(223, 0.1745833013844438)
(224, 0.18357756801858688)
(225, 0.18088813569911238)
(226, 0.17974839786051255)
(227, 0.17403418543401322)
(228, 0.17351080644293052)
(229, 0.17480076757298701)
(230, 0.19705849071227494)
(231, 0.16679613396214718)
(232, 0.16172564881982485)
(233, 0.1605147319568166)
(234, 0.1708935312630064)
(235, 0.17115409418239208)
(236, 0.1695027825906459)
(237, 0.1629722423984265)
(238, 0.16442253797326828)
(239, 0.1736871251032154)
(240, 0.21997769624970956)
(241, 0.17081504350442675)
(242, 0.16267094419035574)
(243, 0.1586199902376997)
(244, 0.15943443323530096)
(245, 0.1568163024838971)
(246, 0.15285534286976657)
(247, 0.1433454113787065)
(248, 0.1430160544770685)
(249, 0.14627042004379162)
(250, 0.17737490527732888)
(251, 0.1458101872000259)
(252, 0.14234591804196609)
(253, 0.13643929399843435)
(254, 0.1406054844707292)
(255, 0.14531070790158074)
(256, 0.13872617379115246)
(257, 0.1329804346876518)
(258, 0.13569990664821466)
(259, 0.13643486350436276)
(260, 0.1670761774276121)
(261, 0.1322015932828227)
(262, 0.12750981840536865)
(263, 0.12329887814249275)
(264, 0.12805792730614274)
(265, 0.1311002065685872)
(266, 0.13178196984233967)
(267, 0.12589745501780017)
(268, 0.12422897380678807)
(269, 0.12619865455143398)
(270, 0.16547262744965438)
(271, 0.1255702002806844)
(272, 0.11747620815663098)
(273, 0.11470821407507527)
(274, 0.1192562136941002)
(275, 0.12062454050099956)
(276, 0.12039380624285718)
(277, 0.11039117964885534)
(278, 0.10816150030648833)
(279, 0.10967110891106126)
(280, 0.1396611921842052)
(281, 0.11340871483036655)
(282, 0.11034855072963387)
(283, 0.10644398380850875)
(284, 0.10888491028094911)
(285, 0.10876395499725129)
(286, 0.10970352295667486)
(287, 0.09824604065403908)
(288, 0.0990412377248219)
(289, 0.10001416129887424)
(290, 0.12853687258080676)
(291, 0.10504697342831303)
(292, 0.09450387814790102)
(293, 0.09141977370375802)
(294, 0.09438366996865524)
(295, 0.09192808572948781)
(296, 0.10068613829806695)
(297, 0.09486900102224925)
(298, 0.09934486543376211)
(299, 0.10449624998223195)
(300, 0.1439168442896168)
(301, 0.10684174663933758)
(302, 0.09008959235086579)
(303, 0.08495960209870633)
(304, 0.08600079564554411)
(305, 0.08384118537270471)
(306, 0.09473106234685293)
(307, 0.08096626494606092)
(308, 0.078036513969628)
(309, 0.07726754418190138)
(310, 0.10079591142343322)
(311, 0.08323976796992294)
(312, 0.0758337687330078)
(313, 0.07515453779457852)
(314, 0.07959509523484533)
(315, 0.07609337467680354)
(316, 0.07995714142394679)
(317, 0.06836896574178117)
(318, 0.0670319683082327)
(319, 0.06703650169431338)
(320, 0.09259060378203514)
(321, 0.07525923893602011)
(322, 0.06818171906196772)
(323, 0.06329913929561973)
(324, 0.06399170929818974)
(325, 0.059003476091484555)
(326, 0.06490405419746428)
(327, 0.05981984227159515)
(328, 0.0614234939297842)
(329, 0.06825928591932566)
(330, 0.10106956118182452)
(331, 0.06761895808290967)
(332, 0.059433178797021466)
(333, 0.05323559362464575)
(334, 0.054344051948427716)
(335, 0.05158823984961582)
(336, 0.059009481792841365)
(337, 0.057509061222431976)
(338, 0.053799313445979234)
(339, 0.05298799085648788)
(340, 0.07382594370387963)
(341, 0.05050084856847088)
(342, 0.051655665199510925)
(343, 0.045202749816086636)
(344, 0.050829688739976495)
(345, 0.05129029311788812)
(346, 0.05083934772127353)
(347, 0.04751177079305347)
(348, 0.040981417001071434)
(349, 0.0407248023951125)
(350, 0.06294524727614079)
(351, 0.04083674314603136)
(352, 0.04537386517311087)
(353, 0.03970922812789448)
(354, 0.04141679483888893)
(355, 0.03572207034333123)
(356, 0.037283938037112066)
(357, 0.041396027719776844)
(358, 0.03765612457693205)
(359, 0.047575984346755196)
(360, 0.0903242445131194)
(361, 0.04848760837897601)
(362, 0.04196029061102418)
(363, 0.031241131860393696)
(364, 0.029622193645585042)
(365, 0.02460164120404303)
(366, 0.026254908871040972)
(367, 0.028228267988710587)
(368, 0.026201210789766515)
(369, 0.029716171254674233)
(370, 0.04842955520376626)
(371, 0.021943463255143545)
(372, 0.02431848312430616)
(373, 0.021623662429246737)
(374, 0.02345086507611133)
(375, 0.024017459893547043)
(376, 0.025040086353106488)
(377, 0.023274663278031592)
(378, 0.019946857107953023)
(379, 0.018775080836287966)
(380, 0.04112657839113506)
(381, 0.016463363239612453)
(382, 0.015752531610663062)
(383, 0.01742612201739526)
(384, 0.020095113120968698)
(385, 0.015491708597410957)
(386, 0.014331902981422562)
(387, 0.012887741839810845)
(388, 0.013983678682028069)
(389, 0.017057957274636198)
(390, 0.04963350540198169)
(391, 0.017647752286716195)
(392, 0.01282796684266847)
(393, 0.011942148721774496)
(394, 0.008231335802405813)
(395, 0.0041676121232520295)
(396, 0.0047744830237954495)
(397, 0.001417140749745397)
(398, 0.006319410853792782)
(399, 0.007965280308292395)
(400, 0.03190330783420335)
(401, 0.0049223635782453925)
(402, 0.0009389732633908197)
(403, 0.0054892460897111766)
(404, 0.004984648984930122)
(405, 0.004265482899950552)
(406, 0.003165673042522903)
(407, 0.0009467799236085683)
(408, 0.0066910946978355765)
(409, 0.0009283899234123542)
(410, 0.02269280694613626)
(411, -0.0025288572267882334)
(412, -0.006478472664272166)
(413, -0.0008545108540624252)
(414, -1.1590280391593686e-05)
(415, 0.00023888845532656276)
(416, 0.001799334433424745)
(417, -0.0009203199733238658)
(418, 0.005250394312510633)
(419, 0.009641167692418252)
(420, 0.048972548748329695)
(421, 0.008373471757542095)
(422, 0.0003086122503773659)
(423, 0.0029910678542328303)
(424, 0.0006943212097795682)
(425, -0.004590713500982334)
(426, -0.005031951998381301)
(427, -0.011225513813920859)
(428, -0.008573110838118094)
(429, -0.005980461258020856)
(430, 0.01915742102732462)
(431, -0.004640045295429653)
(432, -0.007896452060666964)
(433, -0.007677915446363412)
(434, -0.00348278930090781)
(435, -0.003657479153778267)
(436, -0.006831209863211489)
(437, -0.012745633464634065)
(438, -0.008123469137042505)
(439, -0.004404715538330289)
(440, 0.016665771473818307)
(441, -0.009922114097378625)
(442, -0.014775047448746347)
(443, -0.014454596962993671)
(444, -0.008149572450722498)
(445, -0.013105284128937023)
(446, -0.009386034119115457)
(447, -0.01207295937702403)
(448, -0.010524250436926159)
(449, -0.0017725578790172023)
(450, 0.02618187563648407)
(451, -0.0076150066748319175)
(452, -0.01508947463192947)
(453, -0.015093012587989658)
(454, -0.005372214414197306)
(455, -0.011981517928347214)
(456, -0.01001796313394601)
(457, -0.01705934767168649)
(458, -0.017231537236157803)
(459, -0.009939059738042067)
(460, 0.009554114001292854)
(461, -0.012548389204349983)
(462, -0.013761487543747874)
(463, -0.015951667901600127)
(464, -0.007207212491630602)
(465, -0.01261439296003947)
(466, -0.01126589899228049)
(467, -0.019511308864613167)
(468, -0.02020296682036012)
(469, -0.01291356056206837)
(470, 0.009309514068144986)
(471, -0.01473309473817847)
(472, -0.02008860758341734)
(473, -0.022522578691969202)
(474, -0.014093734375078798)
(475, -0.019391898021252813)
(476, -0.015493394176976505)
(477, -0.016141148030559764)
(478, -0.0122188434623469)
(479, -0.00044495348544832037)
(480, 0.03819203450520582)
(481, -0.004619435122766573)
(482, -0.015688401119758694)
(483, -0.021223912396112408)
(484, -0.016289977848387815)
(485, -0.01853427154727612)
(486, -0.015554647426841709)
(487, -0.023560172753803288)
(488, -0.02566483966118525)
(489, -0.022479634242792344)
(490, 0.0021760777853155693)
(491, -0.02421097786142355)
(492, -0.02427754963421001)
(493, -0.025559320707116244)
(494, -0.018233511209170942)
(495, -0.016862948720983012)
(496, -0.02040254050607137)
(497, -0.02582772688678066)
(498, -0.02692354072760684)
(499, -0.026507881868161137)
(500, 0.00352479733892785)
(501, -0.023316594657966323)
(502, -0.02480848392323095)
(503, -0.028922011259399256)
(504, -0.02508896402266487)
(505, -0.025108968679990133)
(506, -0.027472193076661593)
(507, -0.030757366174757488)
(508, -0.027959034775078145)
(509, -0.02111612316208168)
(510, 0.01809498742538137)
(511, -0.021985317224801845)
(512, -0.028626805183730952)
(513, -0.03303472589024392)
(514, -0.030640608438650217)
(515, -0.028115506357058454)
(516, -0.026870965492726502)
(517, -0.029445017265368807)
(518, -0.03026334451508018)
(519, -0.030657930513240346)
(520, -0.0023748660107326927)
(521, -0.030864296570451553)
(522, -0.030864751206010534)
(523, -0.03394673195543375)
(524, -0.0280050263052154)
(525, -0.023544693455425085)
(526, -0.025078749937363913)
(527, -0.03212502128075094)
(528, -0.03191919088524965)
(529, -0.034426730013878463)
(530, -0.007916771835746196)
(531, -0.03270569469832271)
(532, -0.03325160979884084)
(533, -0.03536116928875362)
(534, -0.031083648260812505)
(535, -0.03335917442735822)
(536, -0.029930270692913014)
(537, -0.03343477617810348)
(538, -0.031482115671619376)
(539, -0.022710022013514446)
(540, 0.0213452814598401)
(541, -0.01611441444957503)
(542, -0.027743926118353118)
(543, -0.03472577744739516)
(544, -0.03413064216155465)
(545, -0.03723421058095923)
(546, -0.031485571688405954)
(547, -0.03843794801609239)
(548, -0.03640190817230869)
(549, -0.03487062573323038)
(550, -0.011062248204965599)
(551, -0.03307371559075013)
(552, -0.03701753371876648)
(553, -0.03867411405144914)
(554, -0.03422768659617358)
(555, -0.033615478962606735)
(556, -0.027280357656506167)
(557, -0.036136595276298526)
(558, -0.03577890858384773)
(559, -0.03557419187298004)
(560, -0.012420045476525508)
(561, -0.032917540018989284)
(562, -0.039442228200300765)
(563, -0.03886002805415379)
(564, -0.03396432297192943)
(565, -0.03782181498551778)
(566, -0.031859426505862064)
(567, -0.03945392918526895)
(568, -0.03740449196923259)
(569, -0.033754378813463125)
(570, -0.0003408141773985665)
(571, -0.027368796795184468)
(572, -0.03412659372009438)
(573, -0.03681721911526242)
(574, -0.03717780860215247)
(575, -0.04072160633049588)
(576, -0.03391989145210233)
(577, -0.04012519461170798)
(578, -0.03883081211108887)
(579, -0.03657354139001324)
(580, -0.011995770859324725)
(581, -0.0339382769909877)
(582, -0.037474010292365)
(583, -0.03914588689630309)
(584, -0.0357926943907184)
(585, -0.037019330332299726)
(586, -0.03421226154662973)
(587, -0.03699353523417125)
(588, -0.0366159967489187)
(589, -0.03773913072019718)
(590, -0.014365725845644646)
(591, -0.03658130140047019)
(592, -0.03929772466781257)
(593, -0.04178829335895147)
(594, -0.03686627086309724)
(595, -0.03803185760989337)
(596, -0.03244347814582878)
(597, -0.032232528605412654)
(598, -0.0322872459659034)
(599, -0.024555441842294617)
(600, 0.014970103521141382)
(601, -0.02380319774024157)
(602, -0.028508470887455777)
(603, -0.03307767198254385)
(604, -0.03269671094028227)
(605, -0.03811662609771841)
(606, -0.03690143541168125)
(607, -0.03747641819959723)
(608, -0.04173345752334189)
(609, -0.03875682737146689)
(610, -0.015395011072814834)
(611, -0.03730362311517398)
(612, -0.034178920089288245)
(613, -0.039925764087038136)
(614, -0.03454574811446985)
(615, -0.035817156585900865)
(616, -0.03732067654298984)
(617, -0.03714476668448557)
(618, -0.038179202076524296)
(619, -0.03472832858031003)
(620, -0.012644638340184181)
(621, -0.03561777468649695)
(622, -0.035536701923043076)
(623, -0.04040125955340164)
(624, -0.036592447181892356)
(625, -0.04058710993917408)
(626, -0.03767501827947006)
(627, -0.0344497031976472)
(628, -0.035913130407467464)
(629, -0.030734605292439102)
(630, -0.0013353660996069032)
(631, -0.034590869075042635)
(632, -0.03805540108666134)
(633, -0.04003427412524284)
(634, -0.035970004364504184)
(635, -0.03875040204228504)
(636, -0.03772567991152561)
(637, -0.03976685696454661)
(638, -0.0402097366229475)
(639, -0.038154151595666395)
(640, -0.016475860030871387)
(641, -0.03913972379356394)
(642, -0.037162117909668)
(643, -0.036143000889562606)
(644, -0.034116611393849014)
(645, -0.03446675383844552)
(646, -0.03609272858218026)
(647, -0.04016838874770665)
(648, -0.038361266245411925)
(649, -0.03781849966565159)
(650, -0.01407536225387038)
(651, -0.036667274841385)
(652, -0.03934974306797105)
(653, -0.036914121460273265)
(654, -0.03758859172218434)
(655, -0.039780243052180954)
(656, -0.03792682948984848)
(657, -0.036921009363087336)
(658, -0.02822915829125208)
(659, -0.022816526571913718)
(660, 0.014918706041739829)
(661, -0.025919583943567758)
(662, -0.036106305624386374)
(663, -0.03493990021674069)
(664, -0.0375650351006531)
(665, -0.03773848148666152)
(666, -0.036288950152488016)
(667, -0.04080445120271523)
(668, -0.03841639846951458)
(669, -0.0391356338869106)
(670, -0.016536890362864678)
(671, -0.0408996158639749)
(672, -0.04258220800383543)
(673, -0.03675288267663152)
(674, -0.033790076486522345)
(675, -0.03344440700866017)
(676, -0.03621531570209472)
(677, -0.04224617567907239)
(678, -0.038937358212316815)
(679, -0.039944135002085095)
(680, -0.015525677273727558)
(681, -0.03822040744511053)
(682, -0.04094450735202787)
(683, -0.03812029466103968)
(684, -0.03639183618158617)
(685, -0.04086588008363688)
(686, -0.041360490891390524)
(687, -0.04376825063740086)
(688, -0.039202242937190004)
(689, -0.03088888077098448)
(690, 0.001392203087057374)
(691, -0.0331431652530929)
(692, -0.0411835143821949)
(693, -0.041679160505007064)
(694, -0.038873253586044994)
(695, -0.041399552987442856)
(696, -0.03826436983323169)
(697, -0.04087238775240891)
(698, -0.03945992137531766)
(699, -0.03618058626962183)
(700, -0.015569574797475233)
(701, -0.04008556014439917)
(702, -0.04272247895373786)
(703, -0.04318426408093662)
(704, -0.03401113720137488)
(705, -0.03488572068717064)
(706, -0.03440416929359628)
(707, -0.04116627333035401)
(708, -0.04211087283209144)
(709, -0.0384294392319074)
(710, -0.018241924076655345)
(711, -0.04043928014378034)
(712, -0.04328646391972114)
(713, -0.0419067623133071)
(714, -0.03249223038286812)
(715, -0.03825544987606263)
(716, -0.03732042622035624)
(717, -0.04005895606896765)
(718, -0.037208137989309935)
(719, -0.023959162194204523)
(720, 0.015505551050640646)
(721, -0.022813782035793463)
(722, -0.03433743699574949)
(723, -0.03982643689521559)
(724, -0.03582088601395178)
(725, -0.04199687083255105)
(726, -0.03868568491115844)
(727, -0.044762201306524876)
(728, -0.0428545773982818)
(729, -0.037322105174492144)
(730, -0.016704345644775066)
(731, -0.04034032032313011)
(732, -0.04435088782043424)
(733, -0.04505175599127563)
(734, -0.03828416722299086)
(735, -0.038407393823002414)
(736, -0.03539323633895615)
(737, -0.041198613606542915)
(738, -0.040546406857755506)
(739, -0.04035684562051616)
(740, -0.016966046567500306)
(741, -0.04028176074355914)
(742, -0.04445289594947852)
(743, -0.044429627944271806)
(744, -0.03720595677992512)
(745, -0.038897190203214124)
(746, -0.0370969369008765)
(747, -0.04359502022936319)
(748, -0.042874955480030216)
(749, -0.0374927576825636)
(750, -0.0029132651950459095)
(751, -0.03421117918146299)
(752, -0.03942738325659273)
(753, -0.04321945082433282)
(754, -0.0417423948065177)
(755, -0.04275153791396192)
(756, -0.04160295723856609)
(757, -0.04621642408570543)
(758, -0.046007114848687344)
(759, -0.04277237471455576)
(760, -0.014800260784594907)
(761, -0.04089401583375267)
(762, -0.043207221774833826)
(763, -0.04694932072095589)
(764, -0.0420396861911367)
(765, -0.03917172194027309)
(766, -0.0403518818058249)
(767, -0.04341504794825785)
(768, -0.04188210084931811)
(769, -0.04275586153472487)
(770, -0.017581021239941253)
(771, -0.04472467828642985)
(772, -0.045932121948613736)
(773, -0.04891051415663337)
(774, -0.04351507699994235)
(775, -0.04139608962167201)
(776, -0.038330839437691736)
(777, -0.038647924798991894)
(778, -0.039363286974707354)
(779, -0.03268514365032734)
(780, 0.007971326122208)
(781, -0.03190012277043952)
(782, -0.037964838934435856)
(783, -0.042471010323456106)
(784, -0.04062429545951189)
(785, -0.04339096047204222)
(786, -0.04232299076804498)
(787, -0.047203145598096484)
(788, -0.04796131670443956)
(789, -0.04719292412928667)
(790, -0.020818661657923013)
(791, -0.043012245754276965)
(792, -0.04205092927403235)
(793, -0.04599742046755866)
(794, -0.0430265570152561)
(795, -0.043135148760178384)
(796, -0.04183123259526739)
(797, -0.046814459582777135)
(798, -0.04468756328335481)
(799, -0.043364295438848115)
(800, -0.018929968834434336)
(801, -0.04285657085138418)
(802, -0.04687360179601808)
(803, -0.04882988841015673)
(804, -0.04616056552456675)
(805, -0.04916593306531351)
(806, -0.042200772799251926)
(807, -0.04434423041482564)
(808, -0.04100990344373518)
(809, -0.04008902560199001)
(810, -0.008652803257504433)
(811, -0.03833305667157618)
(812, -0.04589754545719108)
(813, -0.04726574807116719)
(814, -0.0444280020513917)
(815, -0.04613009956692265)
(816, -0.039523791208029395)
(817, -0.04801489891502681)
(818, -0.04674584533436465)
(819, -0.04716062252590441)
(820, -0.02445771155962199)
(821, -0.044369872687203535)
(822, -0.046520251378989776)
(823, -0.045395316515358296)
(824, -0.043333622984307464)
(825, -0.045465862490705354)
(826, -0.0428519710859694)
(827, -0.05007061586408241)
(828, -0.04747461068816352)
(829, -0.047588609343812274)
(830, -0.022733527383270346)
(831, -0.04303825004624205)
(832, -0.04784779997259875)
(833, -0.04816902219063609)
(834, -0.04570638209683509)
(835, -0.04940811037290247)
(836, -0.0436907034837583)
(837, -0.04392148415510556)
(838, -0.03590386862563573)
(839, -0.028130571901827627)
(840, 0.007342755419492267)
(841, -0.03170199696251835)
(842, -0.04122457832803713)
(843, -0.043613435837888105)
(844, -0.04419627853994982)
(845, -0.04734267837302294)
(846, -0.042600327519379685)
(847, -0.045917263041646394)
(848, -0.04663594494443681)
(849, -0.04726798612619852)
(850, -0.026143260469390386)
(851, -0.04923091951736658)
(852, -0.04841540985840651)
(853, -0.04794128364645163)
(854, -0.04303411814301652)
(855, -0.04466266358068284)
(856, -0.046044286295626895)
(857, -0.04910733649352285)
(858, -0.0491221506641289)
(859, -0.04839540421682992)
(860, -0.02520433142955946)
(861, -0.04649326775729617)
(862, -0.04609859672932962)
(863, -0.04855283271545816)
(864, -0.04599244310535637)
(865, -0.051429377629457436)
(866, -0.050454272854237585)
(867, -0.04991182146215019)
(868, -0.04880876684144159)
(869, -0.04020239933329944)
(870, -0.00834383363458101)
(871, -0.04247656561685907)
(872, -0.04841335262255494)
(873, -0.051967305531139756)
(874, -0.04914612473802364)
(875, -0.052870423165538284)
(876, -0.0500225073396432)
(877, -0.04976296836935913)
(878, -0.049338880662776065)
(879, -0.04642484997645445)
(880, -0.02701202862665419)
(881, -0.05101367216891774)
(882, -0.051171425941229025)
(883, -0.0517672308124717)
(884, -0.04482999566995148)
(885, -0.045273713340230955)
(886, -0.04577965313635095)
(887, -0.05001348562557202)
(888, -0.05054689382620823)
(889, -0.0481201334612903)
(890, -0.028479383952960038)
(891, -0.05002742183978929)
(892, -0.050972073930155466)
(893, -0.04938987245586007)
(894, -0.044040921841648)
(895, -0.0495969359313025)
(896, -0.04810353356397729)
(897, -0.04859563362088261)
(898, -0.04407119392634608)
(899, -0.034230185135651924)
(900, 0.0029478383896194456)
(901, -0.03198823496880561)
(902, -0.042171646783239945)
(903, -0.04506057025046053)
(904, -0.045510543918906396)
(905, -0.04985362243029328)
(906, -0.04888162489134961)
(907, -0.05240317991611558)
(908, -0.04881119015481388)
(909, -0.04536741696482875)
(910, -0.024381732669959764)
(911, -0.04899034177603534)
(912, -0.05142573115337822)
(913, -0.04896222025340984)
(914, -0.04575375153104628)
(915, -0.04455066652597327)
(916, -0.045371746181106676)
(917, -0.04837585544588333)
(918, -0.04580886547911871)
(919, -0.04678139487833717)
(920, -0.024031190145639956)
(921, -0.04803008020946893)
(922, -0.051014163490397564)
(923, -0.047731354191155526)
(924, -0.04459867761219046)
(925, -0.04491994029974372)
(926, -0.04630263222630689)
(927, -0.049498034424871086)
(928, -0.04608562682314636)
(929, -0.0405517091138894)
(930, -0.007378533804860437)
(931, -0.03936776135374165)
(932, -0.04371714070881396)
(933, -0.04264683988762756)
(934, -0.04356792226819108)
(935, -0.04391030595923255)
(936, -0.04477166825012623)
(937, -0.04838650983836377)
(938, -0.04586545287967585)
(939, -0.04202195431130297)
(940, -0.01634537661012205)
(941, -0.0418363689991954)
(942, -0.0457498764562287)
(943, -0.045347641075195406)
(944, -0.0414858789796604)
(945, -0.039771407580587226)
(946, -0.041929660957181376)
(947, -0.04658936374193271)
(948, -0.043520534508597275)
(949, -0.04137443022515732)
(950, -0.019711488212544124)
(951, -0.04367497064039021)
(952, -0.04772815869339724)
(953, -0.04570338369180122)
(954, -0.04027625358660748)
(955, -0.04100923788605667)
(956, -0.037592001774412964)
(957, -0.03962580291690978)
(958, -0.03656500713923911)
(959, -0.026356505707847977)
(960, 0.011061234570134765)
(961, -0.027096794260557753)
(962, -0.03719648647843217)
(963, -0.03746122893703862)
(964, -0.034247982846689874)
(965, -0.04003715677530117)
(966, -0.038693513207347166)
(967, -0.04559761616523361)
(968, -0.04581733755772578)
(969, -0.04048184297935404)
(970, -0.018771601391717064)
(971, -0.038627327256689846)
(972, -0.041810117513486775)
(973, -0.04304006207795154)
(974, -0.03648259267231248)
(975, -0.03851226892078389)
(976, -0.036572752855862485)
(977, -0.04315041865349902)
(978, -0.04182088783255627)
(979, -0.036599566323077856)
(980, -0.013956211944161214)
(981, -0.03501342809935106)
(982, -0.041388847048414605)
(983, -0.04245458678882007)
(984, -0.03622014921838199)
(985, -0.04038919416121467)
(986, -0.03577346210111239)
(987, -0.038974644687069286)
(988, -0.03740163021565395)
(989, -0.031232982364644193)
(990, -0.0007522087872253003)
(991, -0.03129553881222628)
(992, -0.03990222892535346)
(993, -0.04154704919490198)
(994, -0.03563973174317355)
(995, -0.036710569723274564)
(996, -0.0335356361742547)
(997, -0.040575569225163664)
(998, -0.04136077500646089)
(999, -0.038571121732481305)
(1000, -0.015114386829664506)
(1001, -0.03634760680925052)
(1002, -0.037847154570267515)
(1003, -0.038417886561459384)
(1004, -0.03330941910326801)
(1005, -0.03328792721027368)
(1006, -0.03326137530252185)
(1007, -0.03961733236092959)
(1008, -0.038813128774879094)
(1009, -0.038092492105207446)
(1010, -0.012644143482736028)
(1011, -0.034304915554194744)
(1012, -0.03724084730449949)
(1013, -0.03959080805616489)
(1014, -0.03554793988280229)
(1015, -0.0358389871621012)
(1016, -0.033464344178869815)
(1017, -0.033670960615940104)
(1018, -0.02933118075757573)
(1019, -0.021417931599857783)
(1020, 0.017972725175532327)
(1021, -0.020830202233455636)
(1022, -0.02942207381643891)
(1023, -0.03464477671315087)
(1024, -0.03308236613304258)
};
\addlegendentry SMD machine-3-11;
